1,0,0,0,0,0.97628,0.2165,0.4768,0,-0.2165,0.97628,0.30521,0,0,0,1
1,0,0,0,0,0.9744,0.2248,0.47695,0,-0.2248,0.9744,0.30557,0,0,0,1
1,0,0,0,0,0.97587,0.21834,0.47757,0,-0.21834,0.97587,0.30552,0,0,0,1
1,0,0,0,0,0.9754,0.22044,0.4773,0,-0.22044,0.9754,0.30526,0,0,0,1
1,0,0,0,0,0.97518,0.22143,0.47723,0,-0.22143,0.97518,0.30539,0,0,0,1
1,0,0,0,0,0.97484,0.22292,0.47741,0,-0.22292,0.97484,0.3055,0,0,0,1
1,0,0,0,0,0.97484,0.22292,0.47741,0,-0.22292,0.97484,0.3055,0,0,0,1
1,0,0,0,0,0.97517,0.22148,0.4779,0,-0.22148,0.97517,0.30562,0,0,0,1
1,0,0,0,0,0.97493,0.22253,0.47776,0,-0.22253,0.97493,0.30549,0,0,0,1
1,0,0,0,0,0.97549,0.22005,0.47854,0,-0.22005,0.97549,0.30526,0,0,0,1
1,0,0,0,0,0.9768,0.21415,0.48001,0,-0.21415,0.9768,0.30466,0,0,0,1
1,0,0,0,0,0.97591,0.21818,0.48072,0,-0.21818,0.97591,0.30481,0,0,0,1
1,0,0,0,0,0.97359,0.22829,0.48177,0,-0.22829,0.97359,0.30481,0,0,0,1
1,0,0,0,0,0.97369,0.22787,0.48365,0,-0.22787,0.97369,0.30501,0,0,0,1
1,0,0,0,0,0.97259,0.23254,0.48443,0,-0.23254,0.97259,0.30481,0,0,0,1
1,0,0,0,0,0.97253,0.2328,0.48656,0,-0.2328,0.97253,0.30445,0,0,0,1
1,0,0,0,0,0.97083,0.23979,0.4883,0,-0.23979,0.97083,0.30428,0,0,0,1
1,0,0,0,0,0.96738,0.25331,0.49034,0,-0.25331,0.96738,0.30442,0,0,0,1
1,0,0,0,0,0.96633,0.25732,0.49319,0,-0.25732,0.96633,0.30364,0,0,0,1
1,0,0,0,0,0.9652,0.26152,0.49584,0,-0.26152,0.9652,0.30298,0,0,0,1
1,0,0,0,0,0.95916,0.28286,0.49967,0,-0.28286,0.95916,0.30257,0,0,0,1
1,0,0,0,0,0.95643,0.29196,0.50359,0,-0.29196,0.95643,0.3014,0,0,0,1
1,0,0,0,0,0.95318,0.30242,0.50717,0,-0.30242,0.95318,0.30043,0,0,0,1
1,0,0,0,0,0.94702,0.32117,0.51105,0,-0.32117,0.94702,0.29978,0,0,0,1
1,0,0,0,0,0.94318,0.33229,0.51636,0,-0.33229,0.94318,0.2989,0,0,0,1
1,0,0,0,0,0.93357,0.35839,0.52197,0,-0.35839,0.93357,0.29679,0,0,0,1
1,0,0,0,0,0.92735,0.37419,0.52693,0,-0.37419,0.92735,0.29601,0,0,0,1
1,0,0,0,0,0.91721,0.39841,0.53256,0,-0.39841,0.91721,0.29281,0,0,0,1
1,0,0,0,0,0.90655,0.42211,0.53858,0,-0.42211,0.90655,0.29114,0,0,0,1
1,0,0,0,0,0.89524,0.44558,0.54445,0,-0.44558,0.89524,0.28828,0,0,0,1
1,0,0,0,0,0.88862,0.45865,0.54994,0,-0.45865,0.88862,0.28605,0,0,0,1
1,0,0,0,0,0.87108,0.49114,0.55554,0,-0.49114,0.87108,0.28396,0,0,0,1
1,0,0,0,0,0.85954,0.51107,0.5616,0,-0.51107,0.85954,0.27984,0,0,0,1
1,0,0,0,0,0.84998,0.52682,0.56695,0,-0.52682,0.84998,0.27767,0,0,0,1
1,0,0,0,0,0.83792,0.5458,0.57182,0,-0.5458,0.83792,0.27529,0,0,0,1
1,0,0,0,0,0.82123,0.57059,0.57647,0,-0.57059,0.82123,0.27113,0,0,0,1
1,0,0,0,0,0.81053,0.5857,0.58066,0,-0.5857,0.81053,0.26943,0,0,0,1
1,0,0,0,0,0.80198,0.59735,0.58363,0,-0.59735,0.80198,0.26757,0,0,0,1
1,0,0,0,0,0.79678,0.60426,0.58697,0,-0.60426,0.79678,0.2648,0,0,0,1
1,0,0,0,0,0.78868,0.61481,0.58964,0,-0.61481,0.78868,0.26257,0,0,0,1
1,0,0,0,0,0.78349,0.6214,0.59206,0,-0.6214,0.78349,0.26202,0,0,0,1
1,0,0,0,0,0.77865,0.62746,0.59298,0,-0.62746,0.77865,0.26055,0,0,0,1
1,0,0,0,0,0.77264,0.63484,0.59371,0,-0.63484,0.77264,0.25968,0,0,0,1
1,0,0,0,0,0.77113,0.63667,0.59411,0,-0.63667,0.77113,0.25997,0,0,0,1
1,0,0,0,0,0.77113,0.63667,0.59411,0,-0.63667,0.77113,0.25997,0,0,0,1
1,0,0,0,0,0.77112,0.63669,0.59438,0,-0.63669,0.77112,0.26016,0,0,0,1
1,0,0,0,0,0.77064,0.63727,0.59391,0,-0.63727,0.77064,0.26025,0,0,0,1
1,0,0,0,0,0.77082,0.63706,0.59343,0,-0.63706,0.77082,0.26034,0,0,0,1
1,0,0,0,0,0.7752,0.63171,0.59316,0,-0.63171,0.7752,0.26105,0,0,0,1
1,0,0,0,0,0.78298,0.62205,0.59128,0,-0.62205,0.78298,0.26267,0,0,0,1
1,0,0,0,0,0.78266,0.62244,0.59012,0,-0.62244,0.78266,0.26358,0,0,0,1
1,0,0,0,0,0.78726,0.61662,0.58881,0,-0.61662,0.78726,0.26426,0,0,0,1
1,0,0,0,0,0.79963,0.60049,0.58685,0,-0.60049,0.79963,0.26597,0,0,0,1
1,0,0,0,0,0.79727,0.60362,0.58484,0,-0.60362,0.79727,0.26731,0,0,0,1
1,0,0,0,0,0.80489,0.59342,0.58288,0,-0.59342,0.80489,0.26842,0,0,0,1
1,0,0,0,0,0.81038,0.5859,0.58023,0,-0.5859,0.81038,0.26984,0,0,0,1
1,0,0,0,0,0.82135,0.57043,0.57857,0,-0.57043,0.82135,0.27167,0,0,0,1
1,0,0,0,0,0.82451,0.56584,0.57541,0,-0.56584,0.82451,0.27412,0,0,0,1
1,0,0,0,0,0.83444,0.5511,0.57258,0,-0.5511,0.83444,0.27594,0,0,0,1
1,0,0,0,0,0.84301,0.5379,0.56918,0,-0.5379,0.84301,0.27726,0,0,0,1
1,0,0,0,0,0.85158,0.52422,0.56594,0,-0.52422,0.85158,0.27926,0,0,0,1
1,0,0,0,0,0.85858,0.51268,0.56235,0,-0.51268,0.85858,0.28011,0,0,0,1
1,0,0,0,0,0.87309,0.48755,0.5587,0,-0.48755,0.87309,0.28252,0,0,0,1
1,0,0,0,0,0.87222,0.48912,0.55538,0,-0.48912,0.87222,0.28462,0,0,0,1
1,0,0,0,0,0.88392,0.46763,0.55118,0,-0.46763,0.88392,0.28649,0,0,0,1
1,0,0,0,0,0.89298,0.45009,0.54699,0,-0.45009,0.89298,0.28858,0,0,0,1
1,0,0,0,0,0.90108,0.43365,0.54313,0,-0.43365,0.90108,0.29002,0,0,0,1
1,0,0,0,0,0.91679,0.39937,0.53843,0,-0.39937,0.91679,0.29205,0,0,0,1
1,0,0,0,0,0.92284,0.38519,0.53293,0,-0.38519,0.92284,0.29545,0,0,0,1
1,0,0,0,0,0.93173,0.36314,0.5292,0,-0.36314,0.93173,0.2969,0,0,0,1
1,0,0,0,0,0.93873,0.34466,0.52437,0,-0.34466,0.93873,0.29914,0,0,0,1
1,0,0,0,0,0.94464,0.3281,0.52015,0,-0.3281,0.94464,0.30201,0,0,0,1
1,0,0,0,0,0.95864,0.28463,0.51525,0,-0.28463,0.95864,0.30488,0,0,0,1
1,0,0,0,0,0.9664,0.25703,0.50969,0,-0.25703,0.9664,0.30718,0,0,0,1
1,0,0,0,0,0.97287,0.23136,0.50514,0,-0.23136,0.97287,0.31031,0,0,0,1
1,0,0,0,0,0.97842,0.20661,0.50054,0,-0.20661,0.97842,0.31267,0,0,0,1
1,0,0,0,0,0.98461,0.17475,0.49562,0,-0.17475,0.98461,0.31666,0,0,0,1
1,0,0,0,0,0.9905,0.13751,0.49071,0,-0.13751,0.9905,0.32029,0,0,0,1
1,0,0,0,0,0.99462,0.10354,0.48534,0,-0.10354,0.99462,0.32453,0,0,0,1
1,0,0,0,0,0.99696,0.077922,0.4795,0,-0.077922,0.99696,0.32833,0,0,0,1
1,0,0,0,0,0.99916,0.040869,0.47485,0,-0.040869,0.99916,0.33264,0,0,0,1
1,0,0,0,0,0.99999,0.0052286,0.4685,0,-0.0052286,0.99999,0.33779,0,0,0,1
1,0,0,0,0,0.99954,-0.030422,0.46321,0,0.030422,0.99954,0.34304,0,0,0,1
1,0,0,0,0,0.9982,-0.059944,0.45702,0,0.059944,0.9982,0.34866,0,0,0,1
1,0,0,0,0,0.99525,-0.097312,0.4509,0,0.097312,0.99525,0.35394,0,0,0,1
1,0,0,0,0,0.99231,-0.12379,0.44477,0,0.12379,0.99231,0.36034,0,0,0,1
1,0,0,0,0,0.9875,-0.15763,0.43835,0,0.15763,0.9875,0.36654,0,0,0,1
1,0,0,0,0,0.98241,-0.18675,0.43249,0,0.18675,0.98241,0.37273,0,0,0,1
1,0,0,0,0,0.9788,-0.20482,0.42572,0,0.20482,0.9788,0.3797,0,0,0,1
1,0,0,0,0,0.97187,-0.23552,0.41999,0,0.23552,0.97187,0.38685,0,0,0,1
1,0,0,0,0,0.96515,-0.26168,0.41316,0,0.26168,0.96515,0.3946,0,0,0,1
1,0,0,0,0,0.96313,-0.26905,0.40682,0,0.26905,0.96313,0.40241,0,0,0,1
1,0,0,0,0,0.95593,-0.2936,0.39971,0,0.2936,0.95593,0.4099,0,0,0,1
1,0,0,0,0,0.95158,-0.30741,0.39303,0,0.30741,0.95158,0.41702,0,0,0,1
1,0,0,0,0,0.94952,-0.31369,0.38682,0,0.31369,0.94952,0.42431,0,0,0,1
1,0,0,0,0,0.94583,-0.32466,0.3793,0,0.32466,0.94583,0.43261,0,0,0,1
1,0,0,0,0,0.94204,-0.33549,0.37288,0,0.33549,0.94204,0.43955,0,0,0,1
1,0,0,0,0,0.94195,-0.33576,0.36662,0,0.33576,0.94195,0.44626,0,0,0,1
1,0,0,0,0,0.94118,-0.33791,0.36012,0,0.33791,0.94118,0.45225,0,0,0,1
1,0,0,0,0,0.94393,-0.33013,0.35341,0,0.33013,0.94393,0.45805,0,0,0,1
1,0,0,0,0,0.94743,-0.31997,0.34654,0,0.31997,0.94743,0.46403,0,0,0,1
1,0,0,0,0,0.95036,-0.31115,0.3398,0,0.31115,0.95036,0.47025,0,0,0,1
1,0,0,0,0,0.9527,-0.30392,0.33328,0,0.30392,0.9527,0.4758,0,0,0,1
1,0,0,0,0,0.95675,-0.29093,0.32691,0,0.29093,0.95675,0.48035,0,0,0,1
1,0,0,0,0,0.96202,-0.27296,0.32014,0,0.27296,0.96202,0.48499,0,0,0,1
1,0,0,0,0,0.96507,-0.26198,0.313,0,0.26198,0.96507,0.49059,0,0,0,1
1,0,0,0,0,0.97056,-0.24084,0.30641,0,0.24084,0.97056,0.49473,0,0,0,1
1,0,0,0,0,0.9754,-0.22044,0.30114,0,0.22044,0.9754,0.49871,0,0,0,1
1,0,0,0,0,0.98128,-0.1926,0.29464,0,0.1926,0.98128,0.50349,0,0,0,1
1,0,0,0,0,0.98556,-0.16932,0.28793,0,0.16932,0.98556,0.50806,0,0,0,1
1,0,0,0,0,0.98971,-0.14306,0.28129,0,0.14306,0.98971,0.51225,0,0,0,1
1,0,0,0,0,0.99234,-0.12354,0.27522,0,0.12354,0.99234,0.51579,0,0,0,1
1,0,0,0,0,0.99525,-0.097344,0.26821,0,0.097344,0.99525,0.51921,0,0,0,1
1,0,0,0,0,0.99702,-0.077084,0.26143,0,0.077084,0.99702,0.52376,0,0,0,1
1,0,0,0,0,0.9991,-0.042471,0.25482,0,0.042471,0.9991,0.52794,0,0,0,1
1,0,0,0,0,0.99989,-0.014597,0.24789,0,0.014597,0.99989,0.53122,0,0,0,1
1,0,0,0,0,0.99998,0.0067919,0.24077,0,-0.0067919,0.99998,0.53542,0,0,0,1
1,0,0,0,0,0.99937,0.035368,0.23505,0,-0.035368,0.99937,0.53929,0,0,0,1
1,0,0,0,0,0.99843,0.056086,0.22877,0,-0.056086,0.99843,0.54319,0,0,0,1
1,0,0,0,0,0.99599,0.089458,0.22177,0,-0.089458,0.99599,0.54712,0,0,0,1
1,0,0,0,0,0.99287,0.11924,0.21615,0,-0.11924,0.99287,0.55144,0,0,0,1
1,0,0,0,0,0.98979,0.14253,0.20907,0,-0.14253,0.98979,0.55506,0,0,0,1
1,0,0,0,0,0.98571,0.16847,0.20409,0,-0.16847,0.98571,0.55933,0,0,0,1
1,0,0,0,0,0.98042,0.19691,0.19757,0,-0.19691,0.98042,0.56404,0,0,0,1
1,0,0,0,0,0.9744,0.22481,0.19222,0,-0.22481,0.9744,0.56808,0,0,0,1
1,0,0,0,0,0.96794,0.2512,0.18587,0,-0.2512,0.96794,0.57166,0,0,0,1
1,0,0,0,0,0.9615,0.27479,0.18041,0,-0.27479,0.9615,0.57678,0,0,0,1
1,0,0,0,0,0.95432,0.29879,0.17433,0,-0.29879,0.95432,0.5807,0,0,0,1
1,0,0,0,0,0.94618,0.32364,0.16844,0,-0.32364,0.94618,0.58503,0,0,0,1
1,0,0,0,0,0.93619,0.35149,0.16263,0,-0.35149,0.93619,0.58919,0,0,0,1
1,0,0,0,0,0.92448,0.38124,0.15813,0,-0.38124,0.92448,0.5928,0,0,0,1
1,0,0,0,0,0.91621,0.40071,0.15263,0,-0.40071,0.91621,0.59711,0,0,0,1
1,0,0,0,0,0.90493,0.42557,0.14716,0,-0.42557,0.90493,0.60127,0,0,0,1
1,0,0,0,0,0.89532,0.44542,0.14129,0,-0.44542,0.89532,0.60583,0,0,0,1
1,0,0,0,0,0.88283,0.4697,0.13722,0,-0.4697,0.88283,0.60971,0,0,0,1
1,0,0,0,0,0.87051,0.49216,0.13277,0,-0.49216,0.87051,0.6144,0,0,0,1
1,0,0,0,0,0.85579,0.51732,0.12845,0,-0.51732,0.85579,0.61802,0,0,0,1
1,0,0,0,0,0.84485,0.53501,0.12209,0,-0.53501,0.84485,0.62261,0,0,0,1
1,0,0,0,0,0.82863,0.5598,0.11865,0,-0.5598,0.82863,0.62702,0,0,0,1
1,0,0,0,0,0.80972,0.58681,0.11426,0,-0.58681,0.80972,0.63077,0,0,0,1
1,0,0,0,0,0.80152,0.59797,0.10988,0,-0.59797,0.80152,0.63476,0,0,0,1
1,0,0,0,0,0.78611,0.61809,0.10556,0,-0.61809,0.78611,0.63902,0,0,0,1
1,0,0,0,0,0.77008,0.63795,0.10176,0,-0.63795,0.77008,0.64236,0,0,0,1
1,0,0,0,0,0.75785,0.65243,0.098094,0,-0.65243,0.75785,0.64617,0,0,0,1
1,0,0,0,0,0.73923,0.67346,0.094615,0,-0.67346,0.73923,0.64985,0,0,0,1
1,0,0,0,0,0.72596,0.68774,0.091234,0,-0.68774,0.72596,0.65481,0,0,0,1
1,0,0,0,0,0.70946,0.70475,0.09205,0,-0.70475,0.70946,0.65887,0,0,0,1
1,0,0,0,0,0.69691,0.71716,0.093281,0,-0.71716,0.69691,0.66313,0,0,0,1
1,0,0,0,0,0.68493,0.72861,0.094454,0,-0.72861,0.68493,0.66715,0,0,0,1
1,0,0,0,0,0.66481,0.74701,0.095334,0,-0.74701,0.66481,0.67159,0,0,0,1
1,0,0,0,0,0.65291,0.75743,0.096799,0,-0.75743,0.65291,0.67664,0,0,0,1
1,0,0,0,0,0.63861,0.76953,0.097356,0,-0.76953,0.63861,0.67971,0,0,0,1
1,0,0,0,0,0.62278,0.7824,0.099238,0,-0.7824,0.62278,0.68337,0,0,0,1
1,0,0,0,0,0.60835,0.79367,0.10088,0,-0.79367,0.60835,0.68699,0,0,0,1
1,0,0,0,0,0.59231,0.80571,0.1019,0,-0.80571,0.59231,0.69071,0,0,0,1
1,0,0,0,0,0.57938,0.81506,0.10353,0,-0.81506,0.57938,0.69498,0,0,0,1
1,0,0,0,0,0.55641,0.8309,0.10524,0,-0.8309,0.55641,0.69772,0,0,0,1
1,0,0,0,0,0.5404,0.84141,0.10667,0,-0.84141,0.5404,0.70057,0,0,0,1
1,0,0,0,0,0.52551,0.85079,0.10837,0,-0.85079,0.52551,0.70326,0,0,0,1
1,0,0,0,0,0.51641,0.85634,0.10936,0,-0.85634,0.51641,0.70677,0,0,0,1
1,0,0,0,0,0.4963,0.86815,0.11264,0,-0.86815,0.4963,0.70963,0,0,0,1
1,0,0,0,0,0.47905,0.87779,0.11402,0,-0.87779,0.47905,0.71142,0,0,0,1
1,0,0,0,0,0.47184,0.88168,0.11633,0,-0.88168,0.47184,0.71365,0,0,0,1
1,0,0,0,0,0.45113,0.89246,0.11822,0,-0.89246,0.45113,0.71659,0,0,0,1
1,0,0,0,0,0.4376,0.89917,0.11997,0,-0.89917,0.4376,0.71851,0,0,0,1
1,0,0,0,0,0.42328,0.906,0.12295,0,-0.906,0.42328,0.72052,0,0,0,1
1,0,0,0,0,0.40923,0.91243,0.1259,0,-0.91243,0.40923,0.72284,0,0,0,1
1,0,0,0,0,0.40104,0.91606,0.12771,0,-0.91606,0.40104,0.72404,0,0,0,1
1,0,0,0,0,0.38377,0.92343,0.12965,0,-0.92343,0.38377,0.72634,0,0,0,1
1,0,0,0,0,0.37297,0.92784,0.13156,0,-0.92784,0.37297,0.72785,0,0,0,1
1,0,0,0,0,-0.85702,-0.51529,0.40398,0,0.51529,-0.85702,0.32022,0,0,0,1
1,0,0,0,0,-0.85763,-0.51427,0.40425,0,0.51427,-0.85763,0.32035,0,0,0,1
1,0,0,0,0,-0.8586,-0.51265,0.40412,0,0.51265,-0.8586,0.32048,0,0,0,1
1,0,0,0,0,-0.85932,-0.51144,0.40404,0,0.51144,-0.85932,0.32063,0,0,0,1
1,0,0,0,0,-0.85799,-0.51366,0.40381,0,0.51366,-0.85799,0.32073,0,0,0,1
1,0,0,0,0,-0.85932,-0.51144,0.40404,0,0.51144,-0.85932,0.32063,0,0,0,1
1,0,0,0,0,-0.85894,-0.51208,0.40427,0,0.51208,-0.85894,0.32061,0,0,0,1
1,0,0,0,0,-0.85853,-0.51276,0.40436,0,0.51276,-0.85853,0.3201,0,0,0,1
1,0,0,0,0,-0.85915,-0.51172,0.40465,0,0.51172,-0.85915,0.32049,0,0,0,1
1,0,0,0,0,-0.86066,-0.50918,0.40545,0,0.50918,-0.86066,0.32067,0,0,0,1
1,0,0,0,0,-0.86096,-0.50867,0.40614,0,0.50867,-0.86096,0.32084,0,0,0,1
1,0,0,0,0,-0.85465,-0.5192,0.40735,0,0.5192,-0.85465,0.32118,0,0,0,1
1,0,0,0,0,-0.8557,-0.51747,0.40879,0,0.51747,-0.8557,0.32123,0,0,0,1
1,0,0,0,0,-0.85507,-0.51852,0.40946,0,0.51852,-0.85507,0.3213,0,0,0,1
1,0,0,0,0,-0.85458,-0.51932,0.41133,0,0.51932,-0.85458,0.32165,0,0,0,1
1,0,0,0,0,-0.85027,-0.52634,0.41352,0,0.52634,-0.85027,0.3213,0,0,0,1
1,0,0,0,0,-0.84625,-0.53279,0.41519,0,0.53279,-0.84625,0.32182,0,0,0,1
1,0,0,0,0,-0.83931,-0.54365,0.41745,0,0.54365,-0.83931,0.3226,0,0,0,1
1,0,0,0,0,-0.83688,-0.54739,0.42011,0,0.54739,-0.83688,0.32312,0,0,0,1
1,0,0,0,0,-0.8247,-0.56558,0.42293,0,0.56558,-0.8247,0.32477,0,0,0,1
1,0,0,0,0,-0.82035,-0.57186,0.42624,0,0.57186,-0.82035,0.32505,0,0,0,1
1,0,0,0,0,-0.8101,-0.58629,0.43044,0,0.58629,-0.8101,0.32557,0,0,0,1
1,0,0,0,0,-0.79613,-0.60512,0.43416,0,0.60512,-0.79613,0.32685,0,0,0,1
1,0,0,0,0,-0.78783,-0.61589,0.43852,0,0.61589,-0.78783,0.32767,0,0,0,1
1,0,0,0,0,-0.77289,-0.63454,0.44295,0,0.63454,-0.77289,0.32915,0,0,0,1
1,0,0,0,0,-0.75914,-0.65093,0.44769,0,0.65093,-0.75914,0.33053,0,0,0,1
1,0,0,0,0,-0.73746,-0.67539,0.45295,0,0.67539,-0.73746,0.33163,0,0,0,1
1,0,0,0,0,-0.71933,-0.69466,0.45838,0,0.69466,-0.71933,0.33248,0,0,0,1
1,0,0,0,0,-0.69663,-0.71743,0.46443,0,0.71743,-0.69663,0.33391,0,0,0,1
1,0,0,0,0,-0.67206,-0.7405,0.47049,0,0.7405,-0.67206,0.33525,0,0,0,1
1,0,0,0,0,-0.64123,-0.76735,0.47496,0,0.76735,-0.64123,0.33767,0,0,0,1
1,0,0,0,0,-0.61222,-0.79069,0.48017,0,0.79069,-0.61222,0.33952,0,0,0,1
1,0,0,0,0,-0.5823,-0.81297,0.48615,0,0.81297,-0.5823,0.34257,0,0,0,1
1,0,0,0,0,-0.54803,-0.83646,0.49106,0,0.83646,-0.54803,0.34488,0,0,0,1
1,0,0,0,0,-0.51523,-0.85705,0.49575,0,0.85705,-0.51523,0.3477,0,0,0,1
1,0,0,0,0,-0.47362,-0.88073,0.49914,0,0.88073,-0.47362,0.35298,0,0,0,1
1,0,0,0,0,-0.43799,-0.89898,0.50383,0,0.89898,-0.43799,0.35706,0,0,0,1
1,0,0,0,0,-0.40359,-0.91494,0.50684,0,0.91494,-0.40359,0.36321,0,0,0,1
1,0,0,0,0,-0.34966,-0.93688,0.50983,0,0.93688,-0.34966,0.36804,0,0,0,1
1,0,0,0,0,-0.32352,-0.94622,0.51192,0,0.94622,-0.32352,0.37547,0,0,0,1
1,0,0,0,0,-0.28305,-0.9591,0.51346,0,0.9591,-0.28305,0.38299,0,0,0,1
1,0,0,0,0,-0.24716,-0.96897,0.51449,0,0.96897,-0.24716,0.39165,0,0,0,1
1,0,0,0,0,-0.20202,-0.97938,0.5157,0,0.97938,-0.20202,0.40124,0,0,0,1
1,0,0,0,0,-0.16647,-0.98605,0.51669,0,0.98605,-0.16647,0.41048,0,0,0,1
1,0,0,0,0,-0.12547,-0.9921,0.51659,0,0.9921,-0.12547,0.42,0,0,0,1
1,0,0,0,0,-0.089356,-0.996,0.51711,0,0.996,-0.089356,0.42984,0,0,0,1
1,0,0,0,0,-0.057443,-0.99835,0.5162,0,0.99835,-0.057443,0.44056,0,0,0,1
1,0,0,0,0,-0.017531,-0.99985,0.51473,0,0.99985,-0.017531,0.45173,0,0,0,1
1,0,0,0,0,0.017351,-0.99985,0.51422,0,0.99985,0.017351,0.46295,0,0,0,1
1,0,0,0,0,0.057823,-0.99833,0.51259,0,0.99833,0.057823,0.47389,0,0,0,1
1,0,0,0,0,0.09972,-0.99502,0.51179,0,0.99502,0.09972,0.48591,0,0,0,1
1,0,0,0,0,0.14353,-0.98965,0.50956,0,0.98965,0.14353,0.49821,0,0,0,1
1,0,0,0,0,0.17764,-0.9841,0.50744,0,0.9841,0.17764,0.51025,0,0,0,1
1,0,0,0,0,0.20965,-0.97778,0.5051,0,0.97778,0.20965,0.52272,0,0,0,1
1,0,0,0,0,0.24594,-0.96929,0.50248,0,0.96929,0.24594,0.53571,0,0,0,1
1,0,0,0,0,0.2768,-0.96093,0.49885,0,0.96093,0.2768,0.54684,0,0,0,1
1,0,0,0,0,0.31389,-0.94946,0.49673,0,0.94946,0.31389,0.55926,0,0,0,1
1,0,0,0,0,0.34579,-0.93831,0.49307,0,0.93831,0.34579,0.57152,0,0,0,1
1,0,0,0,0,0.38224,-0.92406,0.48945,0,0.92406,0.38224,0.58476,0,0,0,1
1,0,0,0,0,0.4101,-0.91204,0.48566,0,0.91204,0.4101,0.59635,0,0,0,1
1,0,0,0,0,0.44066,-0.89767,0.48179,0,0.89767,0.44066,0.60864,0,0,0,1
1,0,0,0,0,0.47651,-0.87917,0.47767,0,0.87917,0.47651,0.62099,0,0,0,1
1,0,0,0,0,0.5032,-0.86417,0.47355,0,0.86417,0.5032,0.63226,0,0,0,1
1,0,0,0,0,0.52535,-0.85088,0.46899,0,0.85088,0.52535,0.64536,0,0,0,1
1,0,0,0,0,0.55562,-0.83144,0.46323,0,0.83144,0.55562,0.65691,0,0,0,1
1,0,0,0,0,0.58156,-0.8135,0.45886,0,0.8135,0.58156,0.6688,0,0,0,1
1,0,0,0,0,0.60983,-0.79253,0.45435,0,0.79253,0.60983,0.68043,0,0,0,1
1,0,0,0,0,0.63061,-0.7761,0.44934,0,0.7761,0.63061,0.69193,0,0,0,1
1,0,0,0,0,0.6574,-0.75355,0.44331,0,0.75355,0.6574,0.70314,0,0,0,1
1,0,0,0,0,0.67652,-0.73643,0.43764,0,0.73643,0.67652,0.71397,0,0,0,1
1,0,0,0,0,0.70258,-0.71161,0.43166,0,0.71161,0.70258,0.72577,0,0,0,1
1,0,0,0,0,0.72384,-0.68997,0.42517,0,0.68997,0.72384,0.7369,0,0,0,1
1,0,0,0,0,0.74349,-0.66874,0.41968,0,0.66874,0.74349,0.74713,0,0,0,1
1,0,0,0,0,0.76688,-0.64179,0.41283,0,0.64179,0.76688,0.75892,0,0,0,1
1,0,0,0,0,0.78845,-0.61509,0.40721,0,0.61509,0.78845,0.76964,0,0,0,1
1,0,0,0,0,0.80339,-0.59545,0.39943,0,0.59545,0.80339,0.78082,0,0,0,1
1,0,0,0,0,0.82233,-0.56901,0.39261,0,0.56901,0.82233,0.79096,0,0,0,1
1,0,0,0,0,0.83657,-0.54785,0.3865,0,0.54785,0.83657,0.801,0,0,0,1
1,0,0,0,0,0.85692,-0.51545,0.3787,0,0.51545,0.85692,0.81144,0,0,0,1
1,0,0,0,0,0.87304,-0.48765,0.3721,0,0.48765,0.87304,0.82142,0,0,0,1
1,0,0,0,0,0.88345,-0.46852,0.36418,0,0.46852,0.88345,0.83132,0,0,0,1
1,0,0,0,0,0.90077,-0.4343,0.35628,0,0.4343,0.90077,0.84091,0,0,0,1
1,0,0,0,0,0.91413,-0.40542,0.3489,0,0.40542,0.91413,0.85144,0,0,0,1
1,0,0,0,0,0.91912,-0.39398,0.34029,0,0.39398,0.91912,0.85932,0,0,0,1
1,0,0,0,0,0.93198,-0.3625,0.33297,0,0.3625,0.93198,0.86872,0,0,0,1
1,0,0,0,0,0.94202,-0.33557,0.32492,0,0.33557,0.94202,0.87749,0,0,0,1
1,0,0,0,0,0.94997,-0.31235,0.31797,0,0.31235,0.94997,0.88667,0,0,0,1
1,0,0,0,0,0.95538,-0.29537,0.30863,0,0.29537,0.95538,0.89557,0,0,0,1
1,0,0,0,0,0.96461,-0.26368,0.30251,0,0.26368,0.96461,0.90372,0,0,0,1
1,0,0,0,0,0.96993,-0.24339,0.2948,0,0.24339,0.96993,0.91244,0,0,0,1
1,0,0,0,0,0.97231,-0.23369,0.28733,0,0.23369,0.97231,0.92127,0,0,0,1
1,0,0,0,0,0.97889,-0.2044,0.28163,0,0.2044,0.97889,0.93007,0,0,0,1
1,0,0,0,0,0.98366,-0.18006,0.27634,0,0.18006,0.98366,0.93762,0,0,0,1
1,0,0,0,0,0.98431,-0.17647,0.26917,0,0.17647,0.98431,0.94631,0,0,0,1
1,0,0,0,0,0.98796,-0.15472,0.26233,0,0.15472,0.98796,0.95496,0,0,0,1
1,0,0,0,0,0.9905,-0.13753,0.2572,0,0.13753,0.9905,0.96295,0,0,0,1
1,0,0,0,0,0.99376,-0.11158,0.25253,0,0.11158,0.99376,0.9709,0,0,0,1
1,0,0,0,0,0.99476,-0.10227,0.24836,0,0.10227,0.99476,0.97797,0,0,0,1
1,0,0,0,0,0.99619,-0.087203,0.24371,0,0.087203,0.99619,0.98619,0,0,0,1
1,0,0,0,0,0.99631,-0.085833,0.24008,0,0.085833,0.99631,0.99454,0,0,0,1
1,0,0,0,0,0.99729,-0.073551,0.23691,0,0.073551,0.99729,1.0013,0,0,0,1
1,0,0,0,0,0.99744,-0.071447,0.23382,0,0.071447,0.99744,1.0084,0,0,0,1
1,0,0,0,0,0.9974,-0.072013,0.23147,0,0.072013,0.9974,1.0159,0,0,0,1
1,0,0,0,0,0.99816,-0.06066,0.23076,0,0.06066,0.99816,1.0239,0,0,0,1
1,0,0,0,0,0.9986,-0.052971,0.22745,0,0.052971,0.9986,1.031,0,0,0,1
1,0,0,0,0,0.99763,-0.068808,0.22635,0,0.068808,0.99763,1.0383,0,0,0,1
1,0,0,0,0,0.99776,-0.066829,0.22462,0,0.066829,0.99776,1.0442,0,0,0,1
1,0,0,0,0,0.99764,-0.068721,0.22471,0,0.068721,0.99764,1.0507,0,0,0,1
1,0,0,0,0,0.99787,-0.065228,0.22343,0,0.065228,0.99787,1.0574,0,0,0,1
1,0,0,0,0,0.99708,-0.076306,0.22292,0,0.076306,0.99708,1.0643,0,0,0,1
1,0,0,0,0,0.99686,-0.079245,0.2215,0,0.079245,0.99686,1.0693,0,0,0,1
1,0,0,0,0,0.99823,-0.059481,0.22206,0,0.059481,0.99823,1.0742,0,0,0,1
1,0,0,0,0,0.99846,-0.055513,0.22093,0,0.055513,0.99846,1.0798,0,0,0,1
1,0,0,0,0,0.99838,-0.056826,0.22063,0,0.056826,0.99838,1.0852,0,0,0,1
1,0,0,0,0,0.99844,-0.055779,0.2202,0,0.055779,0.99844,1.0907,0,0,0,1
1,0,0,0,0,0.99819,-0.060098,0.21978,0,0.060098,0.99819,1.096,0,0,0,1
1,0,0,0,0,0.99783,-0.065777,0.22003,0,0.065777,0.99783,1.1009,0,0,0,1
1,0,0,0,0,0.99721,-0.074677,0.21978,0,0.074677,0.99721,1.1045,0,0,0,1
1,0,0,0,0,0.9969,-0.078701,0.21963,0,0.078701,0.9969,1.109,0,0,0,1
1,0,0,0,0,0.99652,-0.083326,0.21879,0,0.083326,0.99652,1.1136,0,0,0,1
1,0,0,0,0,0.99643,-0.084453,0.21938,0,0.084453,0.99643,1.1174,0,0,0,1
1,0,0,0,0,0.99493,-0.10059,0.2192,0,0.10059,0.99493,1.121,0,0,0,1
1,0,0,0,0,0.994,-0.10938,0.21946,0,0.10938,0.994,1.1247,0,0,0,1
1,0,0,0,0,0.9938,-0.11116,0.22063,0,0.11116,0.9938,1.1272,0,0,0,1
1,0,0,0,0,0.99409,-0.10857,0.22076,0,0.10857,0.99409,1.1308,0,0,0,1
1,0,0,0,0,0.99476,-0.10224,0.22127,0,0.10224,0.99476,1.1341,0,0,0,1
1,0,0,0,0,0.99341,-0.11462,0.22327,0,0.11462,0.99341,1.1362,0,0,0,1
1,0,0,0,0,0.99284,-0.11942,0.22383,0,0.11942,0.99284,1.1392,0,0,0,1
1,0,0,0,0,0.99234,-0.12351,0.22427,0,0.12351,0.99234,1.1405,0,0,0,1
1,0,0,0,0,0.9892,-0.14657,0.22403,0,0.14657,0.9892,1.1424,0,0,0,1
1,0,0,0,0,0.98964,-0.14356,0.22437,0,0.14356,0.98964,1.1436,0,0,0,1
1,0,0,0,0,0.98916,-0.14686,0.22466,0,0.14686,0.98916,1.1456,0,0,0,1
1,0,0,0,0,0.98894,-0.14832,0.22517,0,0.14832,0.98894,1.1473,0,0,0,1
1,0,0,0,0,0.98911,-0.14718,0.22634,0,0.14718,0.98911,1.1485,0,0,0,1
1,0,0,0,0,0.98904,-0.14767,0.22687,0,0.14767,0.98904,1.1503,0,0,0,1
1,0,0,0,0,0.99035,-0.13856,0.22708,0,0.13856,0.99035,1.1506,0,0,0,1
1,0,0,0,0,0.98927,-0.1461,0.22829,0,0.1461,0.98927,1.1512,0,0,0,1
1,0,0,0,0,0.98704,-0.16047,0.23002,0,0.16047,0.98704,1.1516,0,0,0,1
1,0,0,0,0,0.98802,-0.15435,0.22983,0,0.15435,0.98802,1.1524,0,0,0,1
1,0,0,0,0,0.98629,-0.165,0.2304,0,0.165,0.98629,1.1523,0,0,0,1
1,0,0,0,0,0.98434,-0.17626,0.23177,0,0.17626,0.98434,1.1522,0,0,0,1
1,0,0,0,0,0.98283,-0.18453,0.23249,0,0.18453,0.98283,1.1526,0,0,0,1
1,0,0,0,0,0.98262,-0.18561,0.23297,0,0.18561,0.98262,1.1528,0,0,0,1
1,0,0,0,0,0.98189,-0.18945,0.23411,0,0.18945,0.98189,1.1515,0,0,0,1
1,0,0,0,0,0.97984,-0.19979,0.23517,0,0.19979,0.97984,1.151,0,0,0,1
1,0,0,0,0,0.97997,-0.19915,0.23553,0,0.19915,0.97997,1.1512,0,0,0,1
1,0,0,0,0,0.97799,-0.20864,0.23586,0,0.20864,0.97799,1.1507,0,0,0,1
1,0,0,0,0,0.98002,-0.19888,0.23682,0,0.19888,0.98002,1.1514,0,0,0,1
1,0,0,0,0,0.97631,-0.21639,0.24021,0,0.21639,0.97631,1.1503,0,0,0,1
1,0,0,0,0,0.97491,-0.22258,0.24233,0,0.22258,0.97491,1.1499,0,0,0,1
1,0,0,0,0,0.97547,-0.22013,0.24361,0,0.22013,0.97547,1.1484,0,0,0,1
1,0,0,0,0,0.96775,-0.25191,0.24657,0,0.25191,0.96775,1.1476,0,0,0,1
1,0,0,0,0,0.96549,-0.26043,0.24833,0,0.26043,0.96549,1.1468,0,0,0,1
1,0,0,0,0,0.96637,-0.25716,0.25153,0,0.25716,0.96637,1.1455,0,0,0,1
1,0,0,0,0,0.96243,-0.27153,0.2553,0,0.27153,0.96243,1.1442,0,0,0,1
1,0,0,0,0,0.957,-0.2901,0.25454,0,0.2901,0.957,1.1434,0,0,0,1
1,0,0,0,0,0.95589,-0.29371,0.25657,0,0.29371,0.95589,1.1418,0,0,0,1
1,0,0,0,0,0.95565,-0.29449,0.25911,0,0.29449,0.95565,1.1402,0,0,0,1
1,0,0,0,0,0.95655,-0.29158,0.26323,0,0.29158,0.95655,1.1377,0,0,0,1
1,0,0,0,0,0.95122,-0.30852,0.26506,0,0.30852,0.95122,1.1343,0,0,0,1
1,0,0,0,0,0.94859,-0.31651,0.26724,0,0.31651,0.94859,1.1326,0,0,0,1
1,0,0,0,0,0.94994,-0.31245,0.2687,0,0.31245,0.94994,1.1305,0,0,0,1
1,0,0,0,0,0.94409,-0.32969,0.27207,0,0.32969,0.94409,1.1265,0,0,0,1
1,0,0,0,0,0.9397,-0.342,0.27439,0,0.342,0.9397,1.1247,0,0,0,1
1,0,0,0,0,0.93546,-0.35343,0.27724,0,0.35343,0.93546,1.1224,0,0,0,1
1,0,0,0,0,0.93483,-0.35511,0.27704,0,0.35511,0.93483,1.1199,0,0,0,1
1,0,0,0,0,0.9299,-0.36782,0.27853,0,0.36782,0.9299,1.1166,0,0,0,1
1,0,0,0,0,0.92964,-0.36847,0.28151,0,0.36847,0.92964,1.114,0,0,0,1
1,0,0,0,0,0.92447,-0.38124,0.28401,0,0.38124,0.92447,1.1114,0,0,0,1
1,0,0,0,0,0.92657,-0.37612,0.28449,0,0.37612,0.92657,1.1092,0,0,0,1
1,0,0,0,0,0.99935,-0.036155,0,0,0.036155,0.99935,0.06793,0,0,0,1
1,0,0,0,0,0.99931,-0.037055,0.00047466,0,0.037055,0.99931,0.068187,0,0,0,1
1,0,0,0,0,0.9993,-0.037424,0.00032629,0,0.037424,0.9993,0.068126,0,0,0,1
1,0,0,0,0,0.99928,-0.037826,0.00037716,0,0.037826,0.99928,0.068067,0,0,0,1
1,0,0,0,0,0.99933,-0.036713,0.00032146,0,0.036713,0.99933,0.067887,0,0,0,1
1,0,0,0,0,0.99928,-0.037926,0.00056329,0,0.037926,0.99928,0.068059,0,0,0,1
1,0,0,0,0,0.99928,-0.037926,0.00056329,0,0.037926,0.99928,0.068059,0,0,0,1
1,0,0,0,0,0.99934,-0.036325,0.00046717,0,0.036325,0.99934,0.06795,0,0,0,1
1,0,0,0,0,0.9993,-0.037476,0.00053559,0,0.037476,0.9993,0.068126,0,0,0,1
1,0,0,0,0,0.99933,-0.036662,0.00082919,0,0.036662,0.99933,0.068259,0,0,0,1
1,0,0,0,0,0.99933,-0.036588,0.0008425,0,0.036588,0.99933,0.067991,0,0,0,1
1,0,0,0,0,0.99934,-0.036367,0.00063938,0,0.036367,0.99934,0.06795,0,0,0,1
1,0,0,0,0,0.99936,-0.035672,0.00075322,0,0.035672,0.99936,0.068404,0,0,0,1
1,0,0,0,0,0.99958,-0.028882,0.0005954,0,0.028882,0.99958,0.068678,0,0,0,1
1,0,0,0,0,0.99959,-0.028673,0.00082919,0,0.028673,0.99959,0.069455,0,0,0,1
1,0,0,0,0,0.99947,-0.03253,0.00081975,0,0.03253,0.99947,0.071181,0,0,0,1
1,0,0,0,0,0.99963,-0.027247,0.00060406,0,0.027247,0.99963,0.073062,0,0,0,1
1,0,0,0,0,0.99974,-0.022647,0.00078539,0,0.022647,0.99974,0.075858,0,0,0,1
1,0,0,0,0,0.99974,-0.022988,0.00073123,0,0.022988,0.99974,0.077497,0,0,0,1
1,0,0,0,0,0.99975,-0.022474,0.00068358,0,0.022474,0.99975,0.080078,0,0,0,1
1,0,0,0,0,0.99977,-0.021612,0.00074452,0,0.021612,0.99977,0.083553,0,0,0,1
1,0,0,0,0,0.99981,-0.019391,0.00068358,0,0.019391,0.99981,0.088391,0,0,0,1
1,0,0,0,0,0.99984,-0.017973,0.00056666,0,0.017973,0.99984,0.092672,0,0,0,1
1,0,0,0,0,0.99988,-0.015483,0.00036561,0,0.015483,0.99988,0.096265,0,0,0,1
1,0,0,0,0,0.99991,-0.013337,-0.00011354,0,0.013337,0.99991,0.10202,0,0,0,1
1,0,0,0,0,0.99994,-0.011304,-0.0011467,0,0.011304,0.99994,0.10834,0,0,0,1
1,0,0,0,0,0.99999,-0.004514,-0.0017214,0,0.004514,0.99999,0.11518,0,0,0,1
1,0,0,0,0,1,-0.0023508,-0.0015979,0,0.0023508,1,0.12282,0,0,0,1
1,0,0,0,0,0.99999,-0.0031927,-0.0027736,0,0.0031927,0.99999,0.13172,0,0,0,1
1,0,0,0,0,0.99999,0.0047964,-0.0036756,0,-0.0047964,0.99999,0.14056,0,0,0,1
1,0,0,0,0,0.99996,0.0086171,-0.0041624,0,-0.0086171,0.99996,0.15042,0,0,0,1
1,0,0,0,0,0.99999,0.0037056,-0.0052419,0,-0.0037056,0.99999,0.1614,0,0,0,1
1,0,0,0,0,0.99999,0.0045956,-0.006576,0,-0.0045956,0.99999,0.17347,0,0,0,1
1,0,0,0,0,0.99991,0.013422,-0.0078185,0,-0.013422,0.99991,0.18625,0,0,0,1
1,0,0,0,0,0.99998,0.0056101,-0.0090433,0,-0.0056101,0.99998,0.19957,0,0,0,1
1,0,0,0,0,0.99986,0.01653,-0.010309,0,-0.01653,0.99986,0.21514,0,0,0,1
1,0,0,0,0,0.99986,0.016589,-0.012347,0,-0.016589,0.99986,0.23047,0,0,0,1
1,0,0,0,0,0.99982,0.01877,-0.013592,0,-0.01877,0.99982,0.24634,0,0,0,1
1,0,0,0,0,0.99983,0.018676,-0.014175,0,-0.018676,0.99983,0.26407,0,0,0,1
1,0,0,0,0,0.9998,0.020001,-0.016669,0,-0.020001,0.9998,0.28228,0,0,0,1
1,0,0,0,0,0.99984,0.017661,-0.018606,0,-0.017661,0.99984,0.30009,0,0,0,1
1,0,0,0,0,0.99987,0.016124,-0.019306,0,-0.016124,0.99987,0.31797,0,0,0,1
1,0,0,0,0,0.99993,0.011828,-0.020771,0,-0.011828,0.99993,0.33714,0,0,0,1
1,0,0,0,0,0.99984,0.017673,-0.02204,0,-0.017673,0.99984,0.35741,0,0,0,1
1,0,0,0,0,0.99992,0.012693,-0.023661,0,-0.012693,0.99992,0.37697,0,0,0,1
1,0,0,0,0,0.99997,0.007352,-0.024173,0,-0.007352,0.99997,0.39722,0,0,0,1
1,0,0,0,0,0.99996,0.0088548,-0.02608,0,-0.0088548,0.99996,0.41805,0,0,0,1
1,0,0,0,0,0.99999,0.0042383,-0.027672,0,-0.0042383,0.99999,0.43786,0,0,0,1
1,0,0,0,0,1,-0.00018974,-0.028447,0,0.00018974,1,0.45791,0,0,0,1
1,0,0,0,0,1,-0.0012629,-0.029262,0,0.0012629,1,0.47911,0,0,0,1
1,0,0,0,0,1,-0.00083998,-0.029844,0,0.00083998,1,0.5004,0,0,0,1
1,0,0,0,0,0.99995,-0.0095973,-0.031692,0,0.0095973,0.99995,0.52146,0,0,0,1
1,0,0,0,0,0.99995,-0.0095674,-0.032682,0,0.0095674,0.99995,0.54222,0,0,0,1
1,0,0,0,0,0.99982,-0.018965,-0.033509,0,0.018965,0.99982,0.5627,0,0,0,1
1,0,0,0,0,0.99985,-0.017259,-0.034268,0,0.017259,0.99985,0.58451,0,0,0,1
1,0,0,0,0,0.99978,-0.021114,-0.03514,0,0.021114,0.99978,0.60486,0,0,0,1
1,0,0,0,0,0.99974,-0.023003,-0.036072,0,0.023003,0.99974,0.62612,0,0,0,1
1,0,0,0,0,0.99948,-0.032217,-0.037021,0,0.032217,0.99948,0.6465,0,0,0,1
1,0,0,0,0,0.9995,-0.031587,-0.03791,0,0.031587,0.9995,0.6666,0,0,0,1
1,0,0,0,0,0.99934,-0.036438,-0.038487,0,0.036438,0.99934,0.68684,0,0,0,1
1,0,0,0,0,0.99921,-0.039759,-0.039756,0,0.039759,0.99921,0.70737,0,0,0,1
1,0,0,0,0,0.99916,-0.041042,-0.040413,0,0.041042,0.99916,0.72674,0,0,0,1
1,0,0,0,0,0.99898,-0.045252,-0.041156,0,0.045252,0.99898,0.74679,0,0,0,1
1,0,0,0,0,0.99861,-0.052707,-0.0418,0,0.052707,0.99861,0.76644,0,0,0,1
1,0,0,0,0,0.99867,-0.051561,-0.043105,0,0.051561,0.99867,0.78477,0,0,0,1
1,0,0,0,0,0.99855,-0.053835,-0.043597,0,0.053835,0.99855,0.80364,0,0,0,1
1,0,0,0,0,0.99846,-0.055548,-0.044749,0,0.055548,0.99846,0.82292,0,0,0,1
1,0,0,0,0,0.99817,-0.060426,-0.045468,0,0.060426,0.99817,0.84196,0,0,0,1
1,0,0,0,0,0.99795,-0.063936,-0.045862,0,0.063936,0.99795,0.85947,0,0,0,1
1,0,0,0,0,0.9976,-0.069191,-0.046446,0,0.069191,0.9976,0.87759,0,0,0,1
1,0,0,0,0,0.99743,-0.071648,-0.047129,0,0.071648,0.99743,0.89569,0,0,0,1
1,0,0,0,0,0.99722,-0.074486,-0.047433,0,0.074486,0.99722,0.91286,0,0,0,1
1,0,0,0,0,0.99707,-0.076497,-0.047697,0,0.076497,0.99707,0.92953,0,0,0,1
1,0,0,0,0,0.99645,-0.084191,-0.047918,0,0.084191,0.99645,0.94619,0,0,0,1
1,0,0,0,0,0.99584,-0.091134,-0.048223,0,0.091134,0.99584,0.96216,0,0,0,1
1,0,0,0,0,0.99602,-0.08908,-0.04854,0,0.08908,0.99602,0.97715,0,0,0,1
1,0,0,0,0,0.99551,-0.094702,-0.049724,0,0.094702,0.99551,0.9923,0,0,0,1
1,0,0,0,0,0.99547,-0.095126,-0.049973,0,0.095126,0.99547,1.008,0,0,0,1
1,0,0,0,0,0.99561,-0.093643,-0.050071,0,0.093643,0.99561,1.0232,0,0,0,1
1,0,0,0,0,0.9953,-0.096859,-0.050884,0,0.096859,0.9953,1.0383,0,0,0,1
1,0,0,0,0,0.99477,-0.10214,-0.051119,0,0.10214,0.99477,1.0525,0,0,0,1
1,0,0,0,0,0.99442,-0.10552,-0.051558,0,0.10552,0.99442,1.0655,0,0,0,1
1,0,0,0,0,0.9947,-0.10279,-0.051543,0,0.10279,0.9947,1.0788,0,0,0,1
1,0,0,0,0,0.99489,-0.10099,-0.052457,0,0.10099,0.99489,1.091,0,0,0,1
1,0,0,0,0,0.99453,-0.10441,-0.05266,0,0.10441,0.99453,1.1031,0,0,0,1
1,0,0,0,0,0.99386,-0.11063,-0.053534,0,0.11063,0.99386,1.1151,0,0,0,1
1,0,0,0,0,0.99413,-0.10818,-0.053747,0,0.10818,0.99413,1.127,0,0,0,1
1,0,0,0,0,0.99406,-0.10881,-0.054956,0,0.10881,0.99406,1.1384,0,0,0,1
1,0,0,0,0,0.99444,-0.10534,-0.05612,0,0.10534,0.99444,1.1494,0,0,0,1
1,0,0,0,0,0.99403,-0.10912,-0.056663,0,0.10912,0.99403,1.1601,0,0,0,1
1,0,0,0,0,0.99426,-0.10696,-0.057171,0,0.10696,0.99426,1.1701,0,0,0,1
1,0,0,0,0,0.9947,-0.10277,-0.057755,0,0.10277,0.9947,1.1795,0,0,0,1
1,0,0,0,0,0.99462,-0.10358,-0.058811,0,0.10358,0.99462,1.189,0,0,0,1
1,0,0,0,0,0.9946,-0.10376,-0.059475,0,0.10376,0.9946,1.1988,0,0,0,1
1,0,0,0,0,0.99425,-0.10707,-0.060397,0,0.10707,0.99425,1.2079,0,0,0,1
1,0,0,0,0,0.99396,-0.10974,-0.062552,0,0.10974,0.99396,1.2179,0,0,0,1
1,0,0,0,0,0.99388,-0.11046,-0.063351,0,0.11046,0.99388,1.2254,0,0,0,1
1,0,0,0,0,0.99373,-0.11184,-0.064167,0,0.11184,0.99373,1.2347,0,0,0,1
1,0,0,0,0,0.9933,-0.11555,-0.065251,0,0.11555,0.9933,1.2432,0,0,0,1
1,0,0,0,0,0.99366,-0.11242,-0.067134,0,0.11242,0.99366,1.2508,0,0,0,1
1,0,0,0,0,0.99398,-0.10957,-0.068757,0,0.10957,0.99398,1.2591,0,0,0,1
1,0,0,0,0,0.99403,-0.10907,-0.069005,0,0.10907,0.99403,1.2667,0,0,0,1
1,0,0,0,0,0.99402,-0.10918,-0.070177,0,0.10918,0.99402,1.274,0,0,0,1
1,0,0,0,0,0.99449,-0.10486,-0.070941,0,0.10486,0.99449,1.282,0,0,0,1
1,0,0,0,0,0.99399,-0.10946,-0.071944,0,0.10946,0.99399,1.2893,0,0,0,1
1,0,0,0,0,0.99386,-0.11063,-0.073623,0,0.11063,0.99386,1.2969,0,0,0,1
1,0,0,0,0,0.99394,-0.10992,-0.074857,0,0.10992,0.99394,1.303,0,0,0,1
1,0,0,0,0,0.99368,-0.11224,-0.075466,0,0.11224,0.99368,1.3095,0,0,0,1
1,0,0,0,0,0.99359,-0.11305,-0.076239,0,0.11305,0.99359,1.3155,0,0,0,1
1,0,0,0,0,0.99321,-0.11633,-0.077703,0,0.11633,0.99321,1.3225,0,0,0,1
1,0,0,0,0,0.99319,-0.11647,-0.078342,0,0.11647,0.99319,1.3283,0,0,0,1
1,0,0,0,0,0.99319,-0.11648,-0.079495,0,0.11648,0.99319,1.3346,0,0,0,1
1,0,0,0,0,0.99335,-0.11514,-0.080177,0,0.11514,0.99335,1.3399,0,0,0,1
1,0,0,0,0,0.99336,-0.11508,-0.08167,0,0.11508,0.99336,1.3452,0,0,0,1
1,0,0,0,0,0.99345,-0.11429,-0.081728,0,0.11429,0.99345,1.3506,0,0,0,1
1,0,0,0,0,0.99285,-0.11934,-0.083418,0,0.11934,0.99285,1.3553,0,0,0,1
1,0,0,0,0,0.99288,-0.11915,-0.085109,0,0.11915,0.99288,1.3594,0,0,0,1
1,0,0,0,0,0.99274,-0.1203,-0.08592,0,0.1203,0.99274,1.3635,0,0,0,1
1,0,0,0,0,0.99288,-0.11908,-0.086911,0,0.11908,0.99288,1.3677,0,0,0,1
1,0,0,0,0,0.99236,-0.12337,-0.087529,0,0.12337,0.99236,1.372,0,0,0,1
1,0,0,0,0,0.99263,-0.12117,-0.088666,0,0.12117,0.99263,1.3764,0,0,0,1
1,0,0,0,0,0.99291,-0.11886,-0.089436,0,0.11886,0.99291,1.3797,0,0,0,1
1,0,0,0,0,0.99219,-0.12471,-0.090326,0,0.12471,0.99219,1.3838,0,0,0,1
1,0,0,0,0,0.99307,-0.11748,-0.091135,0,0.11748,0.99307,1.3857,0,0,0,1
1,0,0,0,0,0.99302,-0.11796,-0.091456,0,0.11796,0.99302,1.3885,0,0,0,1
1,0,0,0,0,0.99289,-0.11905,-0.092501,0,0.11905,0.99289,1.3915,0,0,0,1
1,0,0,0,0,0.99177,-0.128,-0.093468,0,0.128,0.99177,1.3945,0,0,0,1
1,0,0,0,0,0.99211,-0.12538,-0.093848,0,0.12538,0.99211,1.3966,0,0,0,1
1,0,0,0,0,0.99241,-0.12295,-0.094941,0,0.12295,0.99241,1.399,0,0,0,1
1,0,0,0,0,0.99207,-0.12568,-0.095413,0,0.12568,0.99207,1.4001,0,0,0,1
1,0,0,0,0,0.99202,-0.12607,-0.096448,0,0.12607,0.99202,1.4013,0,0,0,1
1,0,0,0,0,0.99155,-0.12973,-0.097544,0,0.12973,0.99155,1.4026,0,0,0,1
1,0,0,0,0,0.99146,-0.13044,-0.098078,0,0.13044,0.99146,1.4036,0,0,0,1
1,0,0,0,0,0.99221,-0.12455,-0.098523,0,0.12455,0.99221,1.405,0,0,0,1
1,0,0,0,0,0.9915,-0.13013,-0.098633,0,0.13013,0.9915,1.4053,0,0,0,1
1,0,0,0,0,0.99173,-0.12832,-0.099499,0,0.12832,0.99173,1.407,0,0,0,1
1,0,0,0,0,0.99145,-0.13049,-0.10017,0,0.13049,0.99145,1.4079,0,0,0,1
1,0,0,0,0,0.9912,-0.13234,-0.10076,0,0.13234,0.9912,1.4085,0,0,0,1
1,0,0,0,0,0.99137,-0.13113,-0.10103,0,0.13113,0.99137,1.4083,0,0,0,1
1,0,0,0,0,0.99141,-0.1308,-0.10211,0,0.1308,0.99141,1.4083,0,0,0,1
1,0,0,0,0,0.99144,-0.13053,-0.10286,0,0.13053,0.99144,1.4087,0,0,0,1
1,0,0,0,0,0.99122,-0.13221,-0.10346,0,0.13221,0.99122,1.4088,0,0,0,1
1,0,0,0,0,0.99155,-0.12969,-0.10461,0,0.12969,0.99155,1.4081,0,0,0,1
1,0,0,0,0,0.99143,-0.13063,-0.10472,0,0.13063,0.99143,1.4071,0,0,0,1
1,0,0,0,0,0.99137,-0.1311,-0.10497,0,0.1311,0.99137,1.4061,0,0,0,1
1,0,0,0,0,0.99111,-0.13308,-0.10476,0,0.13308,0.99111,1.4059,0,0,0,1
1,0,0,0,0,0.99133,-0.13136,-0.10518,0,0.13136,0.99133,1.4051,0,0,0,1
1,0,0,0,0,0.99059,-0.13688,-0.10603,0,0.13688,0.99059,1.4035,0,0,0,1
1,0,0,0,0,0.99068,-0.13618,-0.10589,0,0.13618,0.99068,1.4032,0,0,0,1
1,0,0,0,0,0.99029,-0.13898,-0.10649,0,0.13898,0.99029,1.4014,0,0,0,1
1,0,0,0,0,0.99072,-0.13593,-0.10704,0,0.13593,0.99072,1.3992,0,0,0,1
1,0,0,0,0,0.99056,-0.13706,-0.10711,0,0.13706,0.99056,1.3973,0,0,0,1
1,0,0,0,0,0.98996,-0.14138,-0.10807,0,0.14138,0.98996,1.3956,0,0,0,1
1,0,0,0,0,0.99006,-0.14062,-0.10892,0,0.14062,0.99006,1.3931,0,0,0,1
1,0,0,0,0,0.98983,-0.14225,-0.10848,0,0.14225,0.98983,1.3902,0,0,0,1
1,0,0,0,0,0.98949,-0.14463,-0.10978,0,0.14463,0.98949,1.3887,0,0,0,1
1,0,0,0,0,0.9893,-0.14591,-0.11004,0,0.14591,0.9893,1.3862,0,0,0,1
1,0,0,0,0,0.98929,-0.14596,-0.1105,0,0.14596,0.98929,1.384,0,0,0,1
1,0,0,0,0,0.98919,-0.14663,-0.11072,0,0.14663,0.98919,1.3805,0,0,0,1
1,0,0,0,0,0.98917,-0.1468,-0.11028,0,0.1468,0.98917,1.3776,0,0,0,1
1,0,0,0,0,0.98817,-0.15335,-0.11027,0,0.15335,0.98817,1.3747,0,0,0,1
1,0,0,0,0,0.98894,-0.14835,-0.11102,0,0.14835,0.98894,1.3714,0,0,0,1
1,0,0,0,0,0.98807,-0.15402,-0.11136,0,0.15402,0.98807,1.367,0,0,0,1
1,0,0,0,0,0.98866,-0.15015,-0.11156,0,0.15015,0.98866,1.364,0,0,0,1
1,0,0,0,0,0.98799,-0.15453,-0.11178,0,0.15453,0.98799,1.3603,0,0,0,1
1,0,0,0,0,0.98838,-0.15199,-0.1119,0,0.15199,0.98838,1.3568,0,0,0,1
1,0,0,0,0,0.98858,-0.15072,-0.11197,0,0.15072,0.98858,1.3533,0,0,0,1
1,0,0,0,0,0.9889,-0.14856,-0.11197,0,0.14856,0.9889,1.3503,0,0,0,1
1,0,0,0,0,0.98889,-0.14867,-0.11254,0,0.14867,0.98889,1.3474,0,0,0,1
1,0,0,0,0,0.98918,-0.14673,-0.11242,0,0.14673,0.98918,1.3438,0,0,0,1
1,0,0,0,0,-0.81804,0.57516,-0.42271,0,-0.57516,-0.81804,0.29084,0,0,0,1
1,0,0,0,0,-0.82094,0.57102,-0.42227,0,-0.57102,-0.82094,0.29095,0,0,0,1
1,0,0,0,0,-0.81957,0.57298,-0.42186,0,-0.57298,-0.81957,0.29084,0,0,0,1
1,0,0,0,0,-0.82061,0.57149,-0.4222,0,-0.57149,-0.82061,0.29102,0,0,0,1
1,0,0,0,0,-0.82037,0.57183,-0.42242,0,-0.57183,-0.82037,0.291,0,0,0,1
1,0,0,0,0,-0.82137,0.5704,-0.42234,0,-0.5704,-0.82137,0.29099,0,0,0,1
1,0,0,0,0,-0.8219,0.56963,-0.42221,0,-0.56963,-0.8219,0.29116,0,0,0,1
1,0,0,0,0,-0.8219,0.56963,-0.42221,0,-0.56963,-0.8219,0.29116,0,0,0,1
1,0,0,0,0,-0.82079,0.57124,-0.4228,0,-0.57124,-0.82079,0.29108,0,0,0,1
1,0,0,0,0,-0.82596,0.56372,-0.42373,0,-0.56372,-0.82596,0.2913,0,0,0,1
1,0,0,0,0,-0.82632,0.5632,-0.42484,0,-0.5632,-0.82632,0.29122,0,0,0,1
1,0,0,0,0,-0.82308,0.56792,-0.42567,0,-0.56792,-0.82308,0.29129,0,0,0,1
1,0,0,0,0,-0.81696,0.5767,-0.42678,0,-0.5767,-0.81696,0.29165,0,0,0,1
1,0,0,0,0,-0.81508,0.57934,-0.42962,0,-0.57934,-0.81508,0.29138,0,0,0,1
1,0,0,0,0,-0.807,0.59055,-0.43182,0,-0.59055,-0.807,0.29186,0,0,0,1
1,0,0,0,0,-0.80216,0.59711,-0.43388,0,-0.59711,-0.80216,0.29245,0,0,0,1
1,0,0,0,0,-0.79611,0.60515,-0.43706,0,-0.60515,-0.79611,0.29328,0,0,0,1
1,0,0,0,0,-0.78737,0.61648,-0.44048,0,-0.61648,-0.78737,0.29358,0,0,0,1
1,0,0,0,0,-0.78098,0.62456,-0.44326,0,-0.62456,-0.78098,0.29395,0,0,0,1
1,0,0,0,0,-0.76937,0.63881,-0.4471,0,-0.63881,-0.76937,0.2945,0,0,0,1
1,0,0,0,0,-0.75585,0.65475,-0.45173,0,-0.65475,-0.75585,0.29538,0,0,0,1
1,0,0,0,0,-0.74241,0.66994,-0.45664,0,-0.66994,-0.74241,0.29587,0,0,0,1
1,0,0,0,0,-0.72614,0.68755,-0.46129,0,-0.68755,-0.72614,0.29671,0,0,0,1
1,0,0,0,0,-0.70637,0.70784,-0.46735,0,-0.70784,-0.70637,0.29704,0,0,0,1
1,0,0,0,0,-0.68969,0.7241,-0.4728,0,-0.7241,-0.68969,0.29802,0,0,0,1
1,0,0,0,0,-0.66951,0.7428,-0.4787,0,-0.7428,-0.66951,0.29835,0,0,0,1
1,0,0,0,0,-0.64049,0.76797,-0.48548,0,-0.76797,-0.64049,0.29936,0,0,0,1
1,0,0,0,0,-0.61144,0.79129,-0.49215,0,-0.79129,-0.61144,0.29979,0,0,0,1
1,0,0,0,0,-0.58268,0.8127,-0.49847,0,-0.8127,-0.58268,0.30142,0,0,0,1
1,0,0,0,0,-0.5505,0.83483,-0.50575,0,-0.83483,-0.5505,0.30174,0,0,0,1
1,0,0,0,0,-0.52335,0.85212,-0.51231,0,-0.85212,-0.52335,0.30343,0,0,0,1
1,0,0,0,0,-0.4856,0.87418,-0.51926,0,-0.87418,-0.4856,0.30487,0,0,0,1
1,0,0,0,0,-0.4491,0.89348,-0.52499,0,-0.89348,-0.4491,0.3071,0,0,0,1
1,0,0,0,0,-0.40359,0.91494,-0.53165,0,-0.91494,-0.40359,0.30975,0,0,0,1
1,0,0,0,0,-0.36504,0.93099,-0.53749,0,-0.93099,-0.36504,0.31335,0,0,0,1
1,0,0,0,0,-0.32442,0.94591,-0.54254,0,-0.94591,-0.32442,0.31697,0,0,0,1
1,0,0,0,0,-0.28577,0.9583,-0.54779,0,-0.9583,-0.28577,0.32165,0,0,0,1
1,0,0,0,0,-0.2398,0.97082,-0.55245,0,-0.97082,-0.2398,0.32675,0,0,0,1
1,0,0,0,0,-0.18921,0.98194,-0.55573,0,-0.98194,-0.18921,0.33297,0,0,0,1
1,0,0,0,0,-0.15605,0.98775,-0.55883,0,-0.98775,-0.15605,0.34025,0,0,0,1
1,0,0,0,0,-0.11675,0.99316,-0.56147,0,-0.99316,-0.11675,0.3476,0,0,0,1
1,0,0,0,0,-0.079487,0.99684,-0.56446,0,-0.99684,-0.079487,0.35544,0,0,0,1
1,0,0,0,0,-0.042131,0.99911,-0.56698,0,-0.99911,-0.042131,0.36415,0,0,0,1
1,0,0,0,0,-0.016103,0.99987,-0.56826,0,-0.99987,-0.016103,0.37231,0,0,0,1
1,0,0,0,0,0.026777,0.99964,-0.56938,0,-0.99964,0.026777,0.3827,0,0,0,1
1,0,0,0,0,0.062326,0.99806,-0.57004,0,-0.99806,0.062326,0.392,0,0,0,1
1,0,0,0,0,0.098129,0.99517,-0.57087,0,-0.99517,0.098129,0.40239,0,0,0,1
1,0,0,0,0,0.12828,0.99174,-0.57082,0,-0.99174,0.12828,0.41289,0,0,0,1
1,0,0,0,0,0.15839,0.98738,-0.5705,0,-0.98738,0.15839,0.42381,0,0,0,1
1,0,0,0,0,0.19612,0.98058,-0.57036,0,-0.98058,0.19612,0.43412,0,0,0,1
1,0,0,0,0,0.23005,0.97318,-0.57048,0,-0.97318,0.23005,0.44576,0,0,0,1
1,0,0,0,0,0.26246,0.96494,-0.56907,0,-0.96494,0.26246,0.4575,0,0,0,1
1,0,0,0,0,0.29265,0.95622,-0.56819,0,-0.95622,0.29265,0.46815,0,0,0,1
1,0,0,0,0,0.32715,0.94497,-0.56667,0,-0.94497,0.32715,0.48032,0,0,0,1
1,0,0,0,0,0.35206,0.93598,-0.56577,0,-0.93598,0.35206,0.49118,0,0,0,1
1,0,0,0,0,0.38545,0.92273,-0.56371,0,-0.92273,0.38545,0.5031,0,0,0,1
1,0,0,0,0,0.41612,0.90931,-0.56209,0,-0.90931,0.41612,0.51447,0,0,0,1
1,0,0,0,0,0.44195,0.89704,-0.55976,0,-0.89704,0.44195,0.52668,0,0,0,1
1,0,0,0,0,0.46278,0.88648,-0.5577,0,-0.88648,0.46278,0.53822,0,0,0,1
1,0,0,0,0,0.49284,0.87012,-0.55461,0,-0.87012,0.49284,0.54994,0,0,0,1
1,0,0,0,0,0.51769,0.85557,-0.55252,0,-0.85557,0.51769,0.56194,0,0,0,1
1,0,0,0,0,0.54498,0.83845,-0.54914,0,-0.83845,0.54498,0.57381,0,0,0,1
1,0,0,0,0,0.56317,0.82634,-0.54648,0,-0.82634,0.56317,0.58546,0,0,0,1
1,0,0,0,0,0.58801,0.80885,-0.54366,0,-0.80885,0.58801,0.59661,0,0,0,1
