1,0,0,0,0,0.96315,0.26895,0.48368,0,-0.26895,0.96315,0.29282,0,0,0,1
1,0,0,0,0,0.96391,0.26622,0.48346,0,-0.26622,0.96391,0.29262,0,0,0,1
1,0,0,0,0,0.96391,0.26622,0.48346,0,-0.26622,0.96391,0.29262,0,0,0,1
1,0,0,0,0,0.96468,0.26342,0.48395,0,-0.26342,0.96468,0.2925,0,0,0,1
1,0,0,0,0,0.96413,0.26542,0.48374,0,-0.26542,0.96413,0.29246,0,0,0,1
1,0,0,0,0,0.96519,0.26157,0.48411,0,-0.26157,0.96519,0.29239,0,0,0,1
1,0,0,0,0,0.96519,0.26157,0.48411,0,-0.26157,0.96519,0.29239,0,0,0,1
1,0,0,0,0,0.96359,0.26739,0.48473,0,-0.26739,0.96359,0.29252,0,0,0,1
1,0,0,0,0,0.96274,0.27043,0.48509,0,-0.27043,0.96274,0.29269,0,0,0,1
1,0,0,0,0,0.96268,0.27066,0.48542,0,-0.27066,0.96268,0.29281,0,0,0,1
1,0,0,0,0,0.96155,0.27463,0.48693,0,-0.27463,0.96155,0.29252,0,0,0,1
1,0,0,0,0,0.95947,0.28182,0.48797,0,-0.28182,0.95947,0.29216,0,0,0,1
1,0,0,0,0,0.9575,0.28842,0.49024,0,-0.28842,0.9575,0.29161,0,0,0,1
1,0,0,0,0,0.95661,0.29137,0.49208,0,-0.29137,0.95661,0.29028,0,0,0,1
1,0,0,0,0,0.95435,0.29869,0.49411,0,-0.29869,0.95435,0.29009,0,0,0,1
1,0,0,0,0,0.94945,0.31391,0.49677,0,-0.31391,0.94945,0.29035,0,0,0,1
1,0,0,0,0,0.94707,0.32102,0.50036,0,-0.32102,0.94707,0.28933,0,0,0,1
1,0,0,0,0,0.94291,0.33306,0.50341,0,-0.33306,0.94291,0.28846,0,0,0,1
1,0,0,0,0,0.94024,0.34052,0.50743,0,-0.34052,0.94024,0.2879,0,0,0,1
1,0,0,0,0,0.93355,0.35846,0.5112,0,-0.35846,0.93355,0.28604,0,0,0,1
1,0,0,0,0,0.92863,0.371,0.51544,0,-0.371,0.92863,0.28526,0,0,0,1
1,0,0,0,0,0.92107,0.38939,0.52078,0,-0.38939,0.92107,0.28368,0,0,0,1
1,0,0,0,0,0.91383,0.4061,0.5252,0,-0.4061,0.91383,0.28238,0,0,0,1
1,0,0,0,0,0.90417,0.42716,0.53135,0,-0.42716,0.90417,0.28055,0,0,0,1
1,0,0,0,0,0.8961,0.44386,0.53699,0,-0.44386,0.8961,0.27825,0,0,0,1
1,0,0,0,0,0.88248,0.47034,0.54256,0,-0.47034,0.88248,0.27572,0,0,0,1
1,0,0,0,0,0.87108,0.49115,0.54914,0,-0.49115,0.87108,0.27284,0,0,0,1
1,0,0,0,0,0.86253,0.50601,0.55421,0,-0.50601,0.86253,0.2699,0,0,0,1
1,0,0,0,0,0.84798,0.53003,0.55979,0,-0.53003,0.84798,0.26677,0,0,0,1
1,0,0,0,0,0.831,0.55627,0.56651,0,-0.55627,0.831,0.26281,0,0,0,1
1,0,0,0,0,0.81644,0.57743,0.57112,0,-0.57743,0.81644,0.2596,0,0,0,1
1,0,0,0,0,0.8024,0.59679,0.57583,0,-0.59679,0.8024,0.25654,0,0,0,1
1,0,0,0,0,0.7949,0.60674,0.58071,0,-0.60674,0.7949,0.25375,0,0,0,1
1,0,0,0,0,0.77388,0.63333,0.58451,0,-0.63333,0.77388,0.25057,0,0,0,1
1,0,0,0,0,0.76797,0.64049,0.58823,0,-0.64049,0.76797,0.24779,0,0,0,1
1,0,0,0,0,0.75987,0.65008,0.59155,0,-0.65008,0.75987,0.24566,0,0,0,1
1,0,0,0,0,0.75127,0.65999,0.59349,0,-0.65999,0.75127,0.24404,0,0,0,1
1,0,0,0,0,0.7415,0.67095,0.59532,0,-0.67095,0.7415,0.24241,0,0,0,1
1,0,0,0,0,0.7386,0.67414,0.59633,0,-0.67414,0.7386,0.24195,0,0,0,1
1,0,0,0,0,0.73941,0.67326,0.59706,0,-0.67326,0.73941,0.24147,0,0,0,1
1,0,0,0,0,0.7379,0.67491,0.597,0,-0.67491,0.7379,0.24165,0,0,0,1
1,0,0,0,0,0.7405,0.67206,0.59712,0,-0.67206,0.7405,0.24177,0,0,0,1
1,0,0,0,0,0.7405,0.67206,0.59712,0,-0.67206,0.7405,0.24177,0,0,0,1
1,0,0,0,0,0.74134,0.67113,0.59647,0,-0.67113,0.74134,0.24221,0,0,0,1
1,0,0,0,0,0.74527,0.66676,0.59593,0,-0.66676,0.74527,0.24323,0,0,0,1
1,0,0,0,0,0.74762,0.66412,0.59416,0,-0.66412,0.74762,0.24428,0,0,0,1
1,0,0,0,0,0.75685,0.65359,0.59246,0,-0.65359,0.75685,0.24592,0,0,0,1
1,0,0,0,0,0.76181,0.6478,0.59021,0,-0.6478,0.76181,0.24736,0,0,0,1
1,0,0,0,0,0.76935,0.63883,0.588,0,-0.63883,0.76935,0.24883,0,0,0,1
1,0,0,0,0,0.76942,0.63875,0.58551,0,-0.63875,0.76942,0.25065,0,0,0,1
1,0,0,0,0,0.78142,0.624,0.58344,0,-0.624,0.78142,0.25181,0,0,0,1
1,0,0,0,0,0.7877,0.61606,0.58114,0,-0.61606,0.7877,0.25419,0,0,0,1
1,0,0,0,0,0.79171,0.61089,0.57828,0,-0.61089,0.79171,0.25653,0,0,0,1
1,0,0,0,0,0.80248,0.59668,0.57556,0,-0.59668,0.80248,0.25838,0,0,0,1
1,0,0,0,0,0.81134,0.58458,0.57265,0,-0.58458,0.81134,0.2603,0,0,0,1
1,0,0,0,0,0.81757,0.57582,0.56968,0,-0.57582,0.81757,0.26259,0,0,0,1
1,0,0,0,0,0.83043,0.55713,0.5663,0,-0.55713,0.83043,0.26434,0,0,0,1
1,0,0,0,0,0.84198,0.53951,0.56204,0,-0.53951,0.84198,0.2666,0,0,0,1
1,0,0,0,0,0.84503,0.53472,0.5578,0,-0.53472,0.84503,0.26899,0,0,0,1
1,0,0,0,0,0.86232,0.50636,0.55453,0,-0.50636,0.86232,0.27112,0,0,0,1
1,0,0,0,0,0.86957,0.4938,0.54974,0,-0.4938,0.86957,0.27337,0,0,0,1
1,0,0,0,0,0.87953,0.47585,0.54606,0,-0.47585,0.87953,0.27549,0,0,0,1
1,0,0,0,0,0.88861,0.45867,0.54248,0,-0.45867,0.88861,0.27849,0,0,0,1
1,0,0,0,0,0.89805,0.4399,0.53764,0,-0.4399,0.89805,0.28134,0,0,0,1
1,0,0,0,0,0.91346,0.40693,0.53312,0,-0.40693,0.91346,0.28388,0,0,0,1
1,0,0,0,0,0.92288,0.38508,0.52841,0,-0.38508,0.92288,0.28706,0,0,0,1
1,0,0,0,0,0.93368,0.35812,0.52382,0,-0.35812,0.93368,0.29007,0,0,0,1
1,0,0,0,0,0.94534,0.32608,0.51937,0,-0.32608,0.94534,0.29378,0,0,0,1
1,0,0,0,0,0.95571,0.29432,0.51384,0,-0.29432,0.95571,0.29716,0,0,0,1
1,0,0,0,0,0.96485,0.26282,0.50831,0,-0.26282,0.96485,0.30128,0,0,0,1
1,0,0,0,0,0.97194,0.23521,0.50507,0,-0.23521,0.97194,0.30438,0,0,0,1
1,0,0,0,0,0.98029,0.19757,0.49949,0,-0.19757,0.98029,0.30969,0,0,0,1
1,0,0,0,0,0.98619,0.1656,0.49364,0,-0.1656,0.98619,0.31489,0,0,0,1
1,0,0,0,0,0.99245,0.12268,0.48929,0,-0.12268,0.99245,0.31966,0,0,0,1
1,0,0,0,0,0.9961,0.088181,0.48413,0,-0.088181,0.9961,0.32469,0,0,0,1
1,0,0,0,0,0.99903,0.043964,0.47847,0,-0.043964,0.99903,0.33137,0,0,0,1
1,0,0,0,0,0.9999,0.014167,0.47322,0,-0.014167,0.9999,0.33765,0,0,0,1
1,0,0,0,0,0.99957,-0.029179,0.46744,0,0.029179,0.99957,0.34535,0,0,0,1
1,0,0,0,0,0.99819,-0.060068,0.46168,0,0.060068,0.99819,0.35258,0,0,0,1
1,0,0,0,0,0.99527,-0.097196,0.45626,0,0.097196,0.99527,0.36037,0,0,0,1
1,0,0,0,0,0.99269,-0.12071,0.45048,0,0.12071,0.99269,0.36809,0,0,0,1
1,0,0,0,0,0.98611,-0.16607,0.44393,0,0.16607,0.98611,0.37601,0,0,0,1
1,0,0,0,0,0.98247,-0.18644,0.43799,0,0.18644,0.98247,0.38538,0,0,0,1
1,0,0,0,0,0.97427,-0.22538,0.43222,0,0.22538,0.97427,0.39441,0,0,0,1
1,0,0,0,0,0.96962,-0.24462,0.42576,0,0.24462,0.96962,0.40385,0,0,0,1
1,0,0,0,0,0.96242,-0.27157,0.41895,0,0.27157,0.96242,0.41381,0,0,0,1
1,0,0,0,0,0.95862,-0.28469,0.41362,0,0.28469,0.95862,0.42301,0,0,0,1
1,0,0,0,0,0.95447,-0.29831,0.40624,0,0.29831,0.95447,0.43267,0,0,0,1
1,0,0,0,0,0.94933,-0.31427,0.39999,0,0.31427,0.94933,0.44194,0,0,0,1
1,0,0,0,0,0.94693,-0.32145,0.39393,0,0.32145,0.94693,0.4517,0,0,0,1
1,0,0,0,0,0.94393,-0.33013,0.38627,0,0.33013,0.94393,0.46114,0,0,0,1
1,0,0,0,0,0.94145,-0.33715,0.3797,0,0.33715,0.94145,0.46935,0,0,0,1
1,0,0,0,0,0.94092,-0.33864,0.37315,0,0.33864,0.94092,0.47736,0,0,0,1
1,0,0,0,0,0.94373,-0.33073,0.36619,0,0.33073,0.94373,0.4864,0,0,0,1
1,0,0,0,0,0.94367,-0.33089,0.35958,0,0.33089,0.94367,0.494,0,0,0,1
1,0,0,0,0,0.94702,-0.32118,0.35315,0,0.32118,0.94702,0.50153,0,0,0,1
1,0,0,0,0,0.95197,-0.30619,0.34723,0,0.30619,0.95197,0.50859,0,0,0,1
1,0,0,0,0,0.95896,-0.28353,0.34035,0,0.28353,0.95896,0.51517,0,0,0,1
1,0,0,0,0,0.96413,-0.26542,0.33427,0,0.26542,0.96413,0.52172,0,0,0,1
1,0,0,0,0,0.96967,-0.2444,0.32755,0,0.2444,0.96967,0.52821,0,0,0,1
1,0,0,0,0,0.97256,-0.23264,0.3217,0,0.23264,0.97256,0.53467,0,0,0,1
1,0,0,0,0,0.97824,-0.20746,0.31462,0,0.20746,0.97824,0.54039,0,0,0,1
1,0,0,0,0,0.98329,-0.18207,0.30894,0,0.18207,0.98329,0.547,0,0,0,1
1,0,0,0,0,0.98917,-0.14681,0.3015,0,0.14681,0.98917,0.5526,0,0,0,1
1,0,0,0,0,0.99149,-0.1302,0.295,0,0.1302,0.99149,0.55776,0,0,0,1
1,0,0,0,0,0.99449,-0.10485,0.28751,0,0.10485,0.99449,0.56376,0,0,0,1
1,0,0,0,0,0.99725,-0.074087,0.28171,0,0.074087,0.99725,0.56914,0,0,0,1
1,0,0,0,0,0.99883,-0.048388,0.27512,0,0.048388,0.99883,0.57468,0,0,0,1
1,0,0,0,0,0.99968,-0.025329,0.26785,0,0.025329,0.99968,0.5805,0,0,0,1
1,0,0,0,0,0.99996,0.008726,0.26093,0,-0.008726,0.99996,0.58581,0,0,0,1
1,0,0,0,0,0.99938,0.035342,0.25468,0,-0.035342,0.99938,0.59147,0,0,0,1
1,0,0,0,0,0.99816,0.060577,0.24783,0,-0.060577,0.99816,0.59668,0,0,0,1
1,0,0,0,0,0.99535,0.096343,0.24203,0,-0.096343,0.99535,0.60275,0,0,0,1
1,0,0,0,0,0.99256,0.12172,0.23455,0,-0.12172,0.99256,0.60855,0,0,0,1
1,0,0,0,0,0.98927,0.14607,0.22814,0,-0.14607,0.98927,0.61454,0,0,0,1
1,0,0,0,0,0.98512,0.17187,0.22144,0,-0.17187,0.98512,0.62047,0,0,0,1
1,0,0,0,0,0.97996,0.19919,0.21497,0,-0.19919,0.97996,0.62634,0,0,0,1
1,0,0,0,0,0.97327,0.22965,0.2089,0,-0.22965,0.97327,0.63268,0,0,0,1
1,0,0,0,0,0.96671,0.25588,0.20281,0,-0.25588,0.96671,0.63873,0,0,0,1
1,0,0,0,0,0.95587,0.2938,0.19739,0,-0.2938,0.95587,0.64529,0,0,0,1
1,0,0,0,0,0.95092,0.30945,0.19015,0,-0.30945,0.95092,0.65187,0,0,0,1
1,0,0,0,0,0.93974,0.3419,0.18514,0,-0.3419,0.93974,0.65756,0,0,0,1
1,0,0,0,0,0.92905,0.36994,0.17958,0,-0.36994,0.92905,0.66449,0,0,0,1
1,0,0,0,0,0.91881,0.3947,0.17353,0,-0.3947,0.91881,0.67113,0,0,0,1
1,0,0,0,0,0.90717,0.42077,0.16778,0,-0.42077,0.90717,0.67736,0,0,0,1
1,0,0,0,0,0.89544,0.44519,0.16255,0,-0.44519,0.89544,0.68346,0,0,0,1
1,0,0,0,0,0.88296,0.46944,0.15711,0,-0.46944,0.88296,0.69014,0,0,0,1
1,0,0,0,0,0.86965,0.49367,0.1513,0,-0.49367,0.86965,0.69678,0,0,0,1
1,0,0,0,0,0.85486,0.51886,0.14922,0,-0.51886,0.85486,0.70327,0,0,0,1
1,0,0,0,0,0.85453,0.5194,0.15295,0,-0.5194,0.85453,0.7074,0,0,0,1
1,0,0,0,0,0.8525,0.52273,0.15554,0,-0.52273,0.8525,0.71062,0,0,0,1
1,0,0,0,0,0.84636,0.53261,0.16,0,-0.53261,0.84636,0.71538,0,0,0,1
1,0,0,0,0,0.84439,0.53573,0.16309,0,-0.53573,0.84439,0.71922,0,0,0,1
1,0,0,0,0,0.84662,0.5322,0.16626,0,-0.5322,0.84662,0.72291,0,0,0,1
1,0,0,0,0,0.84041,0.54196,0.16951,0,-0.54196,0.84041,0.72705,0,0,0,1
1,0,0,0,0,0.84043,0.54193,0.17391,0,-0.54193,0.84043,0.73004,0,0,0,1
1,0,0,0,0,0.84212,0.53929,0.17717,0,-0.53929,0.84212,0.73353,0,0,0,1
1,0,0,0,0,0.83779,0.54599,0.1813,0,-0.54599,0.83779,0.73759,0,0,0,1
1,0,0,0,0,0.82746,0.56153,0.18583,0,-0.56153,0.82746,0.74045,0,0,0,1
1,0,0,0,0,0.83057,0.55692,0.18901,0,-0.55692,0.83057,0.74382,0,0,0,1
1,0,0,0,0,0.82381,0.56687,0.1945,0,-0.56687,0.82381,0.74608,0,0,0,1
1,0,0,0,0,0.82636,0.56314,0.19807,0,-0.56314,0.82636,0.74911,0,0,0,1
1,0,0,0,0,0.81976,0.5727,0.2017,0,-0.5727,0.81976,0.75254,0,0,0,1
1,0,0,0,0,0.81888,0.57397,0.20699,0,-0.57397,0.81888,0.75405,0,0,0,1
1,0,0,0,0,0.81501,0.57944,0.21088,0,-0.57944,0.81501,0.7565,0,0,0,1
1,0,0,0,0,0.80928,0.58742,0.21527,0,-0.58742,0.80928,0.75865,0,0,0,1
1,0,0,0,0,0.80791,0.58931,0.22066,0,-0.58931,0.80791,0.76046,0,0,0,1
1,0,0,0,0,0.80234,0.59687,0.22532,0,-0.59687,0.80234,0.76166,0,0,0,1
1,0,0,0,0,0.79673,0.60433,0.23044,0,-0.60433,0.79673,0.76281,0,0,0,1
1,0,0,0,0,0.79909,0.60122,0.23487,0,-0.60122,0.79909,0.76495,0,0,0,1
1,0,0,0,0,0.79527,0.60626,0.2395,0,-0.60626,0.79527,0.766,0,0,0,1
1,0,0,0,0,0.79563,0.60579,0.24403,0,-0.60579,0.79563,0.76738,0,0,0,1
1,0,0,0,0,0.79453,0.60722,0.24869,0,-0.60722,0.79453,0.76792,0,0,0,1
1,0,0,0,0,0.78344,0.62146,0.25401,0,-0.62146,0.78344,0.76821,0,0,0,1
1,0,0,0,0,0.78083,0.62474,0.25933,0,-0.62474,0.78083,0.76917,0,0,0,1
1,0,0,0,0,0.78748,0.61634,0.26373,0,-0.61634,0.78748,0.77078,0,0,0,1
1,0,0,0,0,0.78288,0.62217,0.26884,0,-0.62217,0.78288,0.77109,0,0,0,1
1,0,0,0,0,0.78138,0.62406,0.2732,0,-0.62406,0.78138,0.77133,0,0,0,1
1,0,0,0,0,0.77868,0.62743,0.27855,0,-0.62743,0.77868,0.77147,0,0,0,1
1,0,0,0,0,0.77909,0.62691,0.28264,0,-0.62691,0.77909,0.77147,0,0,0,1
1,0,0,0,0,0.78106,0.62445,0.28863,0,-0.62445,0.78106,0.77104,0,0,0,1
1,0,0,0,0,0.77804,0.62821,0.29456,0,-0.62821,0.77804,0.77067,0,0,0,1
1,0,0,0,0,0.77611,0.63059,0.29959,0,-0.63059,0.77611,0.77095,0,0,0,1
1,0,0,0,0,0.77755,0.62882,0.3049,0,-0.62882,0.77755,0.77027,0,0,0,1
1,0,0,0,0,0.77511,0.63183,0.30932,0,-0.63183,0.77511,0.76972,0,0,0,1
1,0,0,0,0,0.77462,0.63242,0.31495,0,-0.63242,0.77462,0.76794,0,0,0,1
1,0,0,0,0,0.7719,0.63575,0.32049,0,-0.63575,0.7719,0.76571,0,0,0,1
1,0,0,0,0,0.76795,0.64051,0.32591,0,-0.64051,0.76795,0.76448,0,0,0,1
1,0,0,0,0,0.76228,0.64724,0.33214,0,-0.64724,0.76228,0.7631,0,0,0,1
1,0,0,0,0,-0.84622,-0.53284,0.41339,0,0.53284,-0.84622,0.31135,0,0,0,1
1,0,0,0,0,-0.84325,-0.53753,0.41357,0,0.53753,-0.84325,0.31135,0,0,0,1
1,0,0,0,0,-0.84325,-0.53753,0.41357,0,0.53753,-0.84325,0.31135,0,0,0,1
1,0,0,0,0,-0.84137,-0.54045,0.4137,0,0.54045,-0.84137,0.31092,0,0,0,1
1,0,0,0,0,-0.84137,-0.54045,0.4137,0,0.54045,-0.84137,0.31092,0,0,0,1
1,0,0,0,0,-0.84371,-0.53679,0.41373,0,0.53679,-0.84371,0.31144,0,0,0,1
1,0,0,0,0,-0.84371,-0.53679,0.41373,0,0.53679,-0.84371,0.31144,0,0,0,1
1,0,0,0,0,-0.8438,-0.53666,0.41438,0,0.53666,-0.8438,0.31115,0,0,0,1
1,0,0,0,0,-0.84067,-0.54155,0.41555,0,0.54155,-0.84067,0.31128,0,0,0,1
1,0,0,0,0,-0.84003,-0.54254,0.41667,0,0.54254,-0.84003,0.31163,0,0,0,1
1,0,0,0,0,-0.83577,-0.54907,0.41745,0,0.54907,-0.83577,0.31104,0,0,0,1
1,0,0,0,0,-0.83858,-0.54477,0.41967,0,0.54477,-0.83858,0.31069,0,0,0,1
1,0,0,0,0,-0.82755,-0.56139,0.42197,0,0.56139,-0.82755,0.31005,0,0,0,1
1,0,0,0,0,-0.82512,-0.56495,0.42328,0,0.56495,-0.82512,0.31057,0,0,0,1
1,0,0,0,0,-0.81763,-0.57574,0.42687,0,0.57574,-0.81763,0.31062,0,0,0,1
1,0,0,0,0,-0.81497,-0.57951,0.42954,0,0.57951,-0.81497,0.31114,0,0,0,1
1,0,0,0,0,-0.80684,-0.59077,0.43217,0,0.59077,-0.80684,0.31144,0,0,0,1
1,0,0,0,0,-0.79537,-0.60612,0.43684,0,0.60612,-0.79537,0.31182,0,0,0,1
1,0,0,0,0,-0.78544,-0.61894,0.44029,0,0.61894,-0.78544,0.31305,0,0,0,1
1,0,0,0,0,-0.77345,-0.63386,0.44453,0,0.63386,-0.77345,0.31322,0,0,0,1
1,0,0,0,0,-0.76595,-0.6429,0.44858,0,0.6429,-0.76595,0.31411,0,0,0,1
1,0,0,0,0,-0.75171,-0.65949,0.45301,0,0.65949,-0.75171,0.31475,0,0,0,1
1,0,0,0,0,-0.73437,-0.67875,0.45832,0,0.67875,-0.73437,0.31567,0,0,0,1
1,0,0,0,0,-0.71837,-0.69566,0.46332,0,0.69566,-0.71837,0.3167,0,0,0,1
1,0,0,0,0,-0.69466,-0.71933,0.46947,0,0.71933,-0.69466,0.31748,0,0,0,1
1,0,0,0,0,-0.66387,-0.74785,0.47528,0,0.74785,-0.66387,0.31895,0,0,0,1
1,0,0,0,0,-0.64404,-0.76499,0.48091,0,0.76499,-0.64404,0.32023,0,0,0,1
1,0,0,0,0,-0.6168,-0.78712,0.48609,0,0.78712,-0.6168,0.32153,0,0,0,1
1,0,0,0,0,-0.58477,-0.8112,0.49266,0,0.8112,-0.58477,0.32337,0,0,0,1
1,0,0,0,0,-0.54703,-0.83711,0.49816,0,0.83711,-0.54703,0.32596,0,0,0,1
1,0,0,0,0,-0.51909,-0.85472,0.503,0,0.85472,-0.51909,0.32839,0,0,0,1
1,0,0,0,0,-0.4724,-0.88138,0.50816,0,0.88138,-0.4724,0.33176,0,0,0,1
1,0,0,0,0,-0.42775,-0.9039,0.51265,0,0.9039,-0.42775,0.3363,0,0,0,1
1,0,0,0,0,-0.39141,-0.92022,0.51596,0,0.92022,-0.39141,0.34104,0,0,0,1
1,0,0,0,0,-0.34872,-0.93723,0.5198,0,0.93723,-0.34872,0.34647,0,0,0,1
1,0,0,0,0,-0.30891,-0.95109,0.52302,0,0.95109,-0.30891,0.35369,0,0,0,1
1,0,0,0,0,-0.27146,-0.96245,0.52453,0,0.96245,-0.27146,0.36057,0,0,0,1
1,0,0,0,0,-0.2223,-0.97498,0.5263,0,0.97498,-0.2223,0.36954,0,0,0,1
1,0,0,0,0,-0.18274,-0.98316,0.52838,0,0.98316,-0.18274,0.37828,0,0,0,1
1,0,0,0,0,-0.14135,-0.98996,0.53001,0,0.98996,-0.14135,0.38817,0,0,0,1
1,0,0,0,0,-0.099809,-0.99501,0.53007,0,0.99501,-0.099809,0.39806,0,0,0,1
1,0,0,0,0,-0.059729,-0.99821,0.53039,0,0.99821,-0.059729,0.4099,0,0,0,1
1,0,0,0,0,-0.020086,-0.9998,0.53032,0,0.9998,-0.020086,0.42099,0,0,0,1
1,0,0,0,0,0.018075,-0.99984,0.5301,0,0.99984,0.018075,0.43272,0,0,0,1
1,0,0,0,0,0.065244,-0.99787,0.53025,0,0.99787,0.065244,0.44469,0,0,0,1
1,0,0,0,0,0.094617,-0.99551,0.5291,0,0.99551,0.094617,0.45736,0,0,0,1
1,0,0,0,0,0.13607,-0.9907,0.52804,0,0.9907,0.13607,0.46916,0,0,0,1
1,0,0,0,0,0.17256,-0.985,0.52728,0,0.985,0.17256,0.48305,0,0,0,1
1,0,0,0,0,0.21833,-0.97588,0.52524,0,0.97588,0.21833,0.49638,0,0,0,1
1,0,0,0,0,0.25647,-0.96655,0.52379,0,0.96655,0.25647,0.50905,0,0,0,1
1,0,0,0,0,0.29356,-0.95594,0.52134,0,0.95594,0.29356,0.52292,0,0,0,1
1,0,0,0,0,0.33748,-0.94133,0.51853,0,0.94133,0.33748,0.5362,0,0,0,1
1,0,0,0,0,0.37395,-0.92745,0.51693,0,0.92745,0.37395,0.54993,0,0,0,1
1,0,0,0,0,0.40276,-0.9153,0.51364,0,0.9153,0.40276,0.56407,0,0,0,1
1,0,0,0,0,0.43949,-0.89825,0.51019,0,0.89825,0.43949,0.57818,0,0,0,1
1,0,0,0,0,0.47001,-0.88266,0.50697,0,0.88266,0.47001,0.59161,0,0,0,1
1,0,0,0,0,0.50063,-0.86566,0.50347,0,0.86566,0.50063,0.60587,0,0,0,1
1,0,0,0,0,0.53491,-0.84491,0.4996,0,0.84491,0.53491,0.61892,0,0,0,1
1,0,0,0,0,0.56513,-0.825,0.4955,0,0.825,0.56513,0.63188,0,0,0,1
1,0,0,0,0,0.5951,-0.80365,0.49079,0,0.80365,0.5951,0.64522,0,0,0,1
1,0,0,0,0,0.62239,-0.78271,0.48632,0,0.78271,0.62239,0.65844,0,0,0,1
1,0,0,0,0,0.64964,-0.76024,0.48196,0,0.76024,0.64964,0.6711,0,0,0,1
1,0,0,0,0,0.67494,-0.73787,0.47671,0,0.73787,0.67494,0.68424,0,0,0,1
1,0,0,0,0,0.69939,-0.71474,0.47125,0,0.71474,0.69939,0.6971,0,0,0,1
1,0,0,0,0,0.72128,-0.69265,0.46643,0,0.69265,0.72128,0.7092,0,0,0,1
1,0,0,0,0,0.74384,-0.66836,0.46044,0,0.66836,0.74384,0.72209,0,0,0,1
1,0,0,0,0,0.77027,-0.63771,0.45348,0,0.63771,0.77027,0.73486,0,0,0,1
1,0,0,0,0,0.78529,-0.61912,0.44818,0,0.61912,0.78529,0.7475,0,0,0,1
1,0,0,0,0,0.80732,-0.59012,0.44218,0,0.59012,0.80732,0.76003,0,0,0,1
1,0,0,0,0,0.82115,-0.57072,0.4354,0,0.57072,0.82115,0.77219,0,0,0,1
1,0,0,0,0,0.84246,-0.53876,0.42808,0,0.53876,0.84246,0.78462,0,0,0,1
1,0,0,0,0,0.86145,-0.50785,0.4211,0,0.50785,0.86145,0.79692,0,0,0,1
1,0,0,0,0,0.87658,-0.48125,0.41455,0,0.48125,0.87658,0.8078,0,0,0,1
1,0,0,0,0,0.89386,-0.44835,0.40696,0,0.44835,0.89386,0.82038,0,0,0,1
1,0,0,0,0,0.90896,-0.41688,0.39915,0,0.41688,0.90896,0.83268,0,0,0,1
1,0,0,0,0,0.91946,-0.39317,0.39171,0,0.39317,0.91946,0.84381,0,0,0,1
1,0,0,0,0,0.93267,-0.36074,0.38514,0,0.36074,0.93267,0.85451,0,0,0,1
1,0,0,0,0,0.94287,-0.33316,0.37688,0,0.33316,0.94287,0.86549,0,0,0,1
1,0,0,0,0,0.95372,-0.30069,0.3692,0,0.30069,0.95372,0.87695,0,0,0,1
1,0,0,0,0,0.96096,-0.2767,0.36181,0,0.2767,0.96096,0.88767,0,0,0,1
1,0,0,0,0,0.9706,-0.24071,0.35389,0,0.24071,0.9706,0.89899,0,0,0,1
1,0,0,0,0,0.97657,-0.21518,0.34548,0,0.21518,0.97657,0.90977,0,0,0,1
1,0,0,0,0,0.98228,-0.18742,0.33809,0,0.18742,0.98228,0.9207,0,0,0,1
1,0,0,0,0,0.98742,-0.15813,0.3315,0,0.15813,0.98742,0.93185,0,0,0,1
1,0,0,0,0,0.98869,-0.14998,0.32469,0,0.14998,0.98869,0.9413,0,0,0,1
1,0,0,0,0,0.99247,-0.1225,0.31831,0,0.1225,0.99247,0.95135,0,0,0,1
1,0,0,0,0,0.9945,-0.10475,0.31092,0,0.10475,0.9945,0.96129,0,0,0,1
1,0,0,0,0,0.99655,-0.082968,0.30439,0,0.082968,0.99655,0.97204,0,0,0,1
1,0,0,0,0,0.99825,-0.059092,0.3001,0,0.059092,0.99825,0.98302,0,0,0,1
1,0,0,0,0,0.99924,-0.038891,0.29469,0,0.038891,0.99924,0.99269,0,0,0,1
1,0,0,0,0,0.99903,-0.04394,0.28873,0,0.04394,0.99903,1.0017,0,0,0,1
1,0,0,0,0,0.9999,-0.014452,0.28531,0,0.014452,0.9999,1.0117,0,0,0,1
1,0,0,0,0,1,-0.0017309,0.2817,0,0.0017309,1,1.0218,0,0,0,1
1,0,0,0,0,0.99999,0.0035733,0.27906,0,-0.0035733,0.99999,1.0316,0,0,0,1
1,0,0,0,0,0.99978,0.020741,0.27679,0,-0.020741,0.99978,1.0397,0,0,0,1
1,0,0,0,0,0.99971,0.024275,0.27487,0,-0.024275,0.99971,1.0494,0,0,0,1
1,0,0,0,0,0.99933,0.036574,0.27157,0,-0.036574,0.99933,1.0598,0,0,0,1
1,0,0,0,0,0.99959,0.028477,0.27103,0,-0.028477,0.99959,1.0681,0,0,0,1
1,0,0,0,0,0.99949,0.031826,0.27025,0,-0.031826,0.99949,1.0776,0,0,0,1
1,0,0,0,0,0.99971,0.024213,0.2706,0,-0.024213,0.99971,1.0864,0,0,0,1
1,0,0,0,0,0.99953,0.030805,0.26944,0,-0.030805,0.99953,1.0952,0,0,0,1
1,0,0,0,0,0.99961,0.028053,0.2687,0,-0.028053,0.99961,1.1034,0,0,0,1
1,0,0,0,0,0.99946,0.032781,0.26744,0,-0.032781,0.99946,1.1113,0,0,0,1
1,0,0,0,0,0.99909,0.042659,0.266,0,-0.042659,0.99909,1.1185,0,0,0,1
1,0,0,0,0,0.99881,0.048789,0.2658,0,-0.048789,0.99881,1.1265,0,0,0,1
1,0,0,0,0,0.99917,0.040714,0.2664,0,-0.040714,0.99917,1.1337,0,0,0,1
1,0,0,0,0,0.99927,0.038076,0.26634,0,-0.038076,0.99927,1.1407,0,0,0,1
1,0,0,0,0,0.99981,0.019448,0.27005,0,-0.019448,0.99981,1.1478,0,0,0,1
1,0,0,0,0,0.99994,0.011316,0.27188,0,-0.011316,0.99994,1.155,0,0,0,1
1,0,0,0,0,0.99986,0.01662,0.27198,0,-0.01662,0.99986,1.1618,0,0,0,1
1,0,0,0,0,0.99995,0.0097371,0.27283,0,-0.0097371,0.99995,1.1679,0,0,0,1
1,0,0,0,0,0.99999,0.0047232,0.27334,0,-0.0047232,0.99999,1.1741,0,0,0,1
1,0,0,0,0,1,0.0010075,0.2743,0,-0.0010075,1,1.1801,0,0,0,1
1,0,0,0,0,0.99998,-0.0070648,0.27542,0,0.0070648,0.99998,1.1856,0,0,0,1
1,0,0,0,0,0.99999,-0.0032365,0.27551,0,0.0032365,0.99999,1.1913,0,0,0,1
1,0,0,0,0,0.99992,-0.012948,0.27686,0,0.012948,0.99992,1.196,0,0,0,1
1,0,0,0,0,0.99999,-0.0035693,0.27821,0,0.0035693,0.99999,1.2017,0,0,0,1
1,0,0,0,0,0.99997,-0.0072411,0.28028,0,0.0072411,0.99997,1.2067,0,0,0,1
1,0,0,0,0,0.99993,-0.011462,0.28123,0,0.011462,0.99993,1.2118,0,0,0,1
1,0,0,0,0,0.99975,-0.02235,0.28128,0,0.02235,0.99975,1.2157,0,0,0,1
1,0,0,0,0,0.99943,-0.033651,0.28101,0,0.033651,0.99943,1.2204,0,0,0,1
1,0,0,0,0,0.99938,-0.035086,0.28332,0,0.035086,0.99938,1.2246,0,0,0,1
1,0,0,0,0,0.99936,-0.035731,0.28432,0,0.035731,0.99936,1.2278,0,0,0,1
1,0,0,0,0,0.99927,-0.038141,0.28478,0,0.038141,0.99927,1.2314,0,0,0,1
1,0,0,0,0,0.99907,-0.043217,0.28581,0,0.043217,0.99907,1.2347,0,0,0,1
1,0,0,0,0,0.99911,-0.042094,0.28696,0,0.042094,0.99911,1.2382,0,0,0,1
1,0,0,0,0,0.99883,-0.048347,0.28779,0,0.048347,0.99883,1.2411,0,0,0,1
1,0,0,0,0,0.99938,-0.035227,0.28819,0,0.035227,0.99938,1.2443,0,0,0,1
1,0,0,0,0,0.99943,-0.033661,0.28907,0,0.033661,0.99943,1.247,0,0,0,1
1,0,0,0,0,0.99901,-0.044389,0.29161,0,0.044389,0.99901,1.2513,0,0,0,1
1,0,0,0,0,0.99791,-0.064653,0.29371,0,0.064653,0.99791,1.2544,0,0,0,1
1,0,0,0,0,0.99801,-0.06305,0.2955,0,0.06305,0.99801,1.2579,0,0,0,1
1,0,0,0,0,0.99666,-0.081716,0.29847,0,0.081716,0.99666,1.2601,0,0,0,1
1,0,0,0,0,0.99635,-0.085385,0.30097,0,0.085385,0.99635,1.2626,0,0,0,1
1,0,0,0,0,0.99544,-0.095403,0.30333,0,0.095403,0.99544,1.2654,0,0,0,1
1,0,0,0,0,0.99562,-0.093538,0.3052,0,0.093538,0.99562,1.2681,0,0,0,1
1,0,0,0,0,0.99472,-0.10267,0.30838,0,0.10267,0.99472,1.2704,0,0,0,1
1,0,0,0,0,0.99371,-0.11196,0.31018,0,0.11196,0.99371,1.2726,0,0,0,1
1,0,0,0,0,0.99119,-0.13245,0.31255,0,0.13245,0.99119,1.2748,0,0,0,1
1,0,0,0,0,0.98985,-0.14212,0.31611,0,0.14212,0.98985,1.277,0,0,0,1
1,0,0,0,0,0.98794,-0.15483,0.31782,0,0.15483,0.98794,1.2776,0,0,0,1
1,0,0,0,0,0.98685,-0.16166,0.32063,0,0.16166,0.98685,1.2799,0,0,0,1
1,0,0,0,0,0.98468,-0.17438,0.32348,0,0.17438,0.98468,1.2813,0,0,0,1
1,0,0,0,0,0.98152,-0.19136,0.32759,0,0.19136,0.98152,1.283,0,0,0,1
1,0,0,0,0,0.98078,-0.19511,0.33026,0,0.19511,0.98078,1.2831,0,0,0,1
1,0,0,0,0,0.97773,-0.20985,0.33317,0,0.20985,0.97773,1.2836,0,0,0,1
1,0,0,0,0,0.9755,-0.21999,0.33637,0,0.21999,0.9755,1.2843,0,0,0,1
1,0,0,0,0,0.97502,-0.2221,0.33719,0,0.2221,0.97502,1.2846,0,0,0,1
1,0,0,0,0,0.97303,-0.23067,0.34038,0,0.23067,0.97303,1.285,0,0,0,1
1,0,0,0,0,0.9697,-0.2443,0.34459,0,0.2443,0.9697,1.2848,0,0,0,1
1,0,0,0,0,0.96622,-0.25771,0.34754,0,0.25771,0.96622,1.2848,0,0,0,1
1,0,0,0,0,0.96291,-0.26984,0.35056,0,0.26984,0.96291,1.2846,0,0,0,1
1,0,0,0,0,0.96029,-0.27902,0.35374,0,0.27902,0.96029,1.2844,0,0,0,1
1,0,0,0,0,0.9626,-0.27094,0.35501,0,0.27094,0.9626,1.2844,0,0,0,1
1,0,0,0,0,0.95985,-0.28051,0.35851,0,0.28051,0.95985,1.2834,0,0,0,1
1,0,0,0,0,0.95432,-0.29877,0.36204,0,0.29877,0.95432,1.2825,0,0,0,1
1,0,0,0,0,0.94757,-0.31954,0.36642,0,0.31954,0.94757,1.2815,0,0,0,1
1,0,0,0,0,0.94506,-0.3269,0.36956,0,0.3269,0.94506,1.2806,0,0,0,1
1,0,0,0,0,0.94221,-0.33503,0.37312,0,0.33503,0.94221,1.2798,0,0,0,1
1,0,0,0,0,0.9386,-0.345,0.37566,0,0.345,0.9386,1.2786,0,0,0,1
1,0,0,0,0,0.9359,-0.35228,0.37891,0,0.35228,0.9359,1.2766,0,0,0,1
1,0,0,0,0,0.93144,-0.36388,0.38188,0,0.36388,0.93144,1.275,0,0,0,1
1,0,0,0,0,0.9265,-0.37629,0.3853,0,0.37629,0.9265,1.2744,0,0,0,1
1,0,0,0,0,0.9207,-0.39027,0.38781,0,0.39027,0.9207,1.2716,0,0,0,1
1,0,0,0,0,0.91719,-0.39845,0.39097,0,0.39845,0.91719,1.2706,0,0,0,1
1,0,0,0,0,0.91128,-0.41179,0.3942,0,0.41179,0.91128,1.2673,0,0,0,1
1,0,0,0,0,0.90755,-0.41994,0.39776,0,0.41994,0.90755,1.2656,0,0,0,1
1,0,0,0,0,0.90438,-0.42673,0.40033,0,0.42673,0.90438,1.2632,0,0,0,1
1,0,0,0,0,0.90181,-0.43212,0.40281,0,0.43212,0.90181,1.2608,0,0,0,1
1,0,0,0,0,0.99992,-0.012443,0,0,0.012443,0.99992,0.06793,0,0,0,1
1,0,0,0,0,0.99991,-0.013252,8.9027e-05,0,0.013252,0.99991,0.067847,0,0,0,1
1,0,0,0,0,0.99992,-0.012858,-6.995e-05,0,0.012858,0.99992,0.067905,0,0,0,1
1,0,0,0,0,0.99992,-0.012858,-6.995e-05,0,0.012858,0.99992,0.067905,0,0,0,1
1,0,0,0,0,0.99991,-0.013252,8.9027e-05,0,0.013252,0.99991,0.067847,0,0,0,1
1,0,0,0,0,0.99991,-0.013619,0.00019784,0,0.013619,0.99991,0.068067,0,0,0,1
1,0,0,0,0,0.9999,-0.014469,0.00010651,0,0.014469,0.9999,0.068194,0,0,0,1
1,0,0,0,0,0.99987,-0.015976,-3.1442e-05,0,0.015976,0.99987,0.068255,0,0,0,1
1,0,0,0,0,0.99989,-0.014529,0.00041901,0,0.014529,0.99989,0.068263,0,0,0,1
1,0,0,0,0,0.99988,-0.015266,0.00063603,0,0.015266,0.99988,0.068428,0,0,0,1
1,0,0,0,0,0.99993,-0.011733,0.0006815,0,0.011733,0.99993,0.06896,0,0,0,1
1,0,0,0,0,0.99993,-0.01168,0.00062001,0,0.01168,0.99993,0.069288,0,0,0,1
1,0,0,0,0,0.99995,-0.0097755,0.00088471,0,0.0097755,0.99995,0.069841,0,0,0,1
1,0,0,0,0,1,-0.0008507,0.00099381,0,0.0008507,1,0.071182,0,0,0,1
1,0,0,0,0,0.99996,-0.0084631,0.00094591,0,0.0084631,0.99996,0.073316,0,0,0,1
1,0,0,0,0,1,0.000196,0.00074817,0,-0.000196,1,0.076704,0,0,0,1
1,0,0,0,0,1,0.00081386,0.0011558,0,-0.00081386,1,0.079267,0,0,0,1
1,0,0,0,0,1,0.0022152,0.00071469,0,-0.0022152,1,0.083272,0,0,0,1
1,0,0,0,0,0.99998,0.0059318,0.0011963,0,-0.0059318,0.99998,0.086088,0,0,0,1
1,0,0,0,0,1,0.0023256,0.00075355,0,-0.0023256,1,0.089287,0,0,0,1
1,0,0,0,0,0.99998,0.0060975,0.00084716,0,-0.0060975,0.99998,0.094534,0,0,0,1
1,0,0,0,0,0.99995,0.010174,0.00046746,0,-0.010174,0.99995,0.10105,0,0,0,1
1,0,0,0,0,0.99995,0.0099571,0.00041901,0,-0.0099571,0.99995,0.1066,0,0,0,1
1,0,0,0,0,0.99994,0.010948,-9.9027e-05,0,-0.010948,0.99994,0.11322,0,0,0,1
1,0,0,0,0,0.99983,0.018578,-0.00043909,0,-0.018578,0.99983,0.12069,0,0,0,1
1,0,0,0,0,0.99979,0.020589,-0.00062796,0,-0.020589,0.99979,0.1296,0,0,0,1
1,0,0,0,0,0.99974,0.02262,-0.0010477,0,-0.02262,0.99974,0.13893,0,0,0,1
1,0,0,0,0,0.99965,0.026607,-0.0016302,0,-0.026607,0.99965,0.14926,0,0,0,1
1,0,0,0,0,0.99962,0.027697,-0.001565,0,-0.027697,0.99962,0.16004,0,0,0,1
1,0,0,0,0,0.99953,0.030796,-0.0027391,0,-0.030796,0.99953,0.17241,0,0,0,1
1,0,0,0,0,0.99936,0.035707,-0.0031948,0,-0.035707,0.99936,0.1858,0,0,0,1
1,0,0,0,0,0.99907,0.0431,-0.0032112,0,-0.0431,0.99907,0.19993,0,0,0,1
1,0,0,0,0,0.99913,0.041742,-0.0040561,0,-0.041742,0.99913,0.21633,0,0,0,1
1,0,0,0,0,0.99923,0.039177,-0.0056119,0,-0.039177,0.99923,0.23266,0,0,0,1
1,0,0,0,0,0.99934,0.036453,-0.0059908,0,-0.036453,0.99934,0.24984,0,0,0,1
1,0,0,0,0,0.99916,0.041008,-0.0065772,0,-0.041008,0.99916,0.2689,0,0,0,1
1,0,0,0,0,0.99923,0.039332,-0.0077375,0,-0.039332,0.99923,0.28767,0,0,0,1
1,0,0,0,0,0.99929,0.037805,-0.0083574,0,-0.037805,0.99929,0.3085,0,0,0,1
1,0,0,0,0,0.99923,0.0392,-0.0091531,0,-0.0392,0.99923,0.32827,0,0,0,1
1,0,0,0,0,0.99915,0.041204,-0.0096974,0,-0.041204,0.99915,0.34937,0,0,0,1
1,0,0,0,0,0.99929,0.037754,-0.0096944,0,-0.037754,0.99929,0.37128,0,0,0,1
1,0,0,0,0,0.99932,0.036841,-0.0096089,0,-0.036841,0.99932,0.39293,0,0,0,1
1,0,0,0,0,0.99943,0.033683,-0.0098748,0,-0.033683,0.99943,0.41396,0,0,0,1
1,0,0,0,0,0.99936,0.035792,-0.0096885,0,-0.035792,0.99936,0.43626,0,0,0,1
1,0,0,0,0,0.99939,0.035033,-0.0093303,0,-0.035033,0.99939,0.45887,0,0,0,1
1,0,0,0,0,0.99949,0.031873,-0.0092646,0,-0.031873,0.99949,0.48161,0,0,0,1
1,0,0,0,0,0.99962,0.027554,-0.0097277,0,-0.027554,0.99962,0.50416,0,0,0,1
1,0,0,0,0,0.99966,0.025916,-0.0091067,0,-0.025916,0.99966,0.52636,0,0,0,1
1,0,0,0,0,0.99973,0.023344,-0.0089611,0,-0.023344,0.99973,0.54975,0,0,0,1
1,0,0,0,0,0.99982,0.019214,-0.0088085,0,-0.019214,0.99982,0.57283,0,0,0,1
1,0,0,0,0,0.9998,0.020071,-0.008639,0,-0.020071,0.9998,0.59563,0,0,0,1
1,0,0,0,0,0.99984,0.018042,-0.0085748,0,-0.018042,0.99984,0.61864,0,0,0,1
1,0,0,0,0,0.9999,0.014023,-0.008335,0,-0.014023,0.9999,0.64144,0,0,0,1
1,0,0,0,0,0.99991,0.013046,-0.0079713,0,-0.013046,0.99991,0.66418,0,0,0,1
1,0,0,0,0,0.99992,0.01268,-0.0078039,0,-0.01268,0.99992,0.68687,0,0,0,1
1,0,0,0,0,0.99999,0.0033915,-0.007852,0,-0.0033915,0.99999,0.71026,0,0,0,1
1,0,0,0,0,1,-0.00081719,-0.0077436,0,0.00081719,1,0.73241,0,0,0,1
1,0,0,0,0,1,-0.0028347,-0.0076317,0,0.0028347,1,0.75392,0,0,0,1
1,0,0,0,0,0.99999,-0.0048072,-0.0072722,0,0.0048072,0.99999,0.77591,0,0,0,1
1,0,0,0,0,0.99997,-0.0072043,-0.0072734,0,0.0072043,0.99997,0.79766,0,0,0,1
1,0,0,0,0,0.99997,-0.0078041,-0.0068134,0,0.0078041,0.99997,0.81877,0,0,0,1
1,0,0,0,0,0.99997,-0.0075182,-0.0067991,0,0.0075182,0.99997,0.83948,0,0,0,1
1,0,0,0,0,0.99991,-0.013071,-0.0064949,0,0.013071,0.99991,0.85926,0,0,0,1
1,0,0,0,0,0.99988,-0.015448,-0.0064309,0,0.015448,0.99988,0.8801,0,0,0,1
1,0,0,0,0,0.99988,-0.015674,-0.0058215,0,0.015674,0.99988,0.89981,0,0,0,1
1,0,0,0,0,0.99979,-0.020694,-0.0057955,0,0.020694,0.99979,0.92002,0,0,0,1
1,0,0,0,0,0.99976,-0.021733,-0.0054076,0,0.021733,0.99976,0.93921,0,0,0,1
1,0,0,0,0,0.9997,-0.024409,-0.0048144,0,0.024409,0.9997,0.95828,0,0,0,1
1,0,0,0,0,0.99951,-0.031154,-0.0039964,0,0.031154,0.99951,0.97713,0,0,0,1
1,0,0,0,0,0.99952,-0.031054,-0.0036575,0,0.031054,0.99952,0.99499,0,0,0,1
1,0,0,0,0,0.99945,-0.033295,-0.0033002,0,0.033295,0.99945,1.013,0,0,0,1
1,0,0,0,0,0.99946,-0.032787,-0.0032434,0,0.032787,0.99946,1.0308,0,0,0,1
1,0,0,0,0,0.99941,-0.034279,-0.0025361,0,0.034279,0.99941,1.0482,0,0,0,1
1,0,0,0,0,0.99934,-0.036313,-0.0024147,0,0.036313,0.99934,1.0649,0,0,0,1
1,0,0,0,0,0.99934,-0.036217,-0.0023276,0,0.036217,0.99934,1.0811,0,0,0,1
1,0,0,0,0,0.99919,-0.040204,-0.0021606,0,0.040204,0.99919,1.0973,0,0,0,1
1,0,0,0,0,0.99917,-0.040776,-0.0021492,0,0.040776,0.99917,1.1126,0,0,0,1
1,0,0,0,0,0.99924,-0.038941,-0.0017588,0,0.038941,0.99924,1.1269,0,0,0,1
1,0,0,0,0,0.99942,-0.03412,-0.0011564,0,0.03412,0.99942,1.1408,0,0,0,1
1,0,0,0,0,0.99944,-0.033454,-0.0019064,0,0.033454,0.99944,1.1545,0,0,0,1
1,0,0,0,0,0.99954,-0.030466,-0.0021943,0,0.030466,0.99954,1.1673,0,0,0,1
1,0,0,0,0,0.99946,-0.03288,-0.0023636,0,0.03288,0.99946,1.1803,0,0,0,1
1,0,0,0,0,0.99944,-0.033354,-0.0025462,0,0.033354,0.99944,1.1922,0,0,0,1
1,0,0,0,0,0.99959,-0.028607,-0.0031661,0,0.028607,0.99959,1.2036,0,0,0,1
1,0,0,0,0,0.99955,-0.029908,-0.0031354,0,0.029908,0.99955,1.2157,0,0,0,1
1,0,0,0,0,0.99942,-0.034067,-0.0036446,0,0.034067,0.99942,1.2281,0,0,0,1
1,0,0,0,0,0.99945,-0.03317,-0.0035268,0,0.03317,0.99945,1.2391,0,0,0,1
1,0,0,0,0,0.99944,-0.033407,-0.0036198,0,0.033407,0.99944,1.2505,0,0,0,1
1,0,0,0,0,0.9994,-0.034705,-0.0037923,0,0.034705,0.9994,1.262,0,0,0,1
1,0,0,0,0,0.99926,-0.038508,-0.0045293,0,0.038508,0.99926,1.2722,0,0,0,1
1,0,0,0,0,0.99935,-0.036033,-0.0053101,0,0.036033,0.99935,1.2824,0,0,0,1
1,0,0,0,0,0.99927,-0.038229,-0.0052894,0,0.038229,0.99927,1.2927,0,0,0,1
1,0,0,0,0,0.9993,-0.037312,-0.0054951,0,0.037312,0.9993,1.303,0,0,0,1
1,0,0,0,0,0.99921,-0.039866,-0.0055032,0,0.039866,0.99921,1.3135,0,0,0,1
1,0,0,0,0,0.9992,-0.039908,-0.0066125,0,0.039908,0.9992,1.3226,0,0,0,1
1,0,0,0,0,0.9993,-0.037392,-0.0066474,0,0.037392,0.9993,1.3319,0,0,0,1
1,0,0,0,0,0.99914,-0.041561,-0.0065642,0,0.041561,0.99914,1.3419,0,0,0,1
1,0,0,0,0,0.99919,-0.040294,-0.0062888,0,0.040294,0.99919,1.351,0,0,0,1
1,0,0,0,0,0.99921,-0.039796,-0.0064547,0,0.039796,0.99921,1.3596,0,0,0,1
1,0,0,0,0,0.99922,-0.039584,-0.0068971,0,0.039584,0.99922,1.3685,0,0,0,1
1,0,0,0,0,0.99924,-0.03902,-0.0070043,0,0.03902,0.99924,1.377,0,0,0,1
1,0,0,0,0,0.99923,-0.039238,-0.0072405,0,0.039238,0.99923,1.3863,0,0,0,1
1,0,0,0,0,0.9991,-0.042319,-0.0071945,0,0.042319,0.9991,1.3942,0,0,0,1
1,0,0,0,0,0.99932,-0.036827,-0.0072127,0,0.036827,0.99932,1.4023,0,0,0,1
1,0,0,0,0,0.99938,-0.035167,-0.0075715,0,0.035167,0.99938,1.4104,0,0,0,1
1,0,0,0,0,0.99919,-0.040288,-0.0078042,0,0.040288,0.99919,1.4177,0,0,0,1
1,0,0,0,0,0.99932,-0.036824,-0.0076929,0,0.036824,0.99932,1.4251,0,0,0,1
1,0,0,0,0,0.99925,-0.03866,-0.0081119,0,0.03866,0.99925,1.4329,0,0,0,1
1,0,0,0,0,0.99925,-0.038771,-0.0083169,0,0.038771,0.99925,1.4402,0,0,0,1
1,0,0,0,0,0.9992,-0.039914,-0.0082622,0,0.039914,0.9992,1.4467,0,0,0,1
1,0,0,0,0,0.99913,-0.041774,-0.0085963,0,0.041774,0.99913,1.4527,0,0,0,1
1,0,0,0,0,0.99925,-0.038744,-0.0085181,0,0.038744,0.99925,1.4587,0,0,0,1
1,0,0,0,0,0.99923,-0.039328,-0.0085987,0,0.039328,0.99923,1.4644,0,0,0,1
1,0,0,0,0,0.99928,-0.037914,-0.0094758,0,0.037914,0.99928,1.4698,0,0,0,1
1,0,0,0,0,0.99926,-0.038391,-0.0091784,0,0.038391,0.99926,1.4758,0,0,0,1
1,0,0,0,0,0.99927,-0.038169,-0.010044,0,0.038169,0.99927,1.4806,0,0,0,1
1,0,0,0,0,0.99934,-0.036316,-0.010076,0,0.036316,0.99934,1.4863,0,0,0,1
1,0,0,0,0,0.99932,-0.036774,-0.0099812,0,0.036774,0.99932,1.4911,0,0,0,1
1,0,0,0,0,0.99937,-0.035592,-0.0099136,0,0.035592,0.99937,1.4959,0,0,0,1
1,0,0,0,0,0.99925,-0.038843,-0.010007,0,0.038843,0.99925,1.4999,0,0,0,1
1,0,0,0,0,0.99938,-0.035334,-0.010276,0,0.035334,0.99938,1.5043,0,0,0,1
1,0,0,0,0,0.99914,-0.041526,-0.010362,0,0.041526,0.99914,1.5087,0,0,0,1
1,0,0,0,0,0.99921,-0.039752,-0.010363,0,0.039752,0.99921,1.5116,0,0,0,1
1,0,0,0,0,0.99912,-0.0419,-0.0097806,0,0.0419,0.99912,1.5158,0,0,0,1
1,0,0,0,0,0.99924,-0.038901,-0.0098383,0,0.038901,0.99924,1.5196,0,0,0,1
1,0,0,0,0,0.99925,-0.038711,-0.010003,0,0.038711,0.99925,1.5223,0,0,0,1
1,0,0,0,0,0.99936,-0.035724,-0.0096944,0,0.035724,0.99936,1.5261,0,0,0,1
1,0,0,0,0,0.99909,-0.042559,-0.010029,0,0.042559,0.99909,1.5283,0,0,0,1
1,0,0,0,0,0.99924,-0.038956,-0.010499,0,0.038956,0.99924,1.5309,0,0,0,1
1,0,0,0,0,0.99907,-0.043128,-0.010421,0,0.043128,0.99907,1.5333,0,0,0,1
1,0,0,0,0,0.99906,-0.043254,-0.010043,0,0.043254,0.99906,1.5379,0,0,0,1
1,0,0,0,0,0.99895,-0.045841,-0.0099348,0,0.045841,0.99895,1.5392,0,0,0,1
1,0,0,0,0,0.99863,-0.052235,-0.010517,0,0.052235,0.99863,1.5423,0,0,0,1
1,0,0,0,0,0.99879,-0.049246,-0.010735,0,0.049246,0.99879,1.5456,0,0,0,1
1,0,0,0,0,0.99843,-0.055932,-0.010813,0,0.055932,0.99843,1.5477,0,0,0,1
1,0,0,0,0,0.99868,-0.051334,-0.010464,0,0.051334,0.99868,1.5491,0,0,0,1
1,0,0,0,0,0.99877,-0.04959,-0.01005,0,0.04959,0.99877,1.5512,0,0,0,1
1,0,0,0,0,0.99858,-0.053336,-0.010124,0,0.053336,0.99858,1.5532,0,0,0,1
1,0,0,0,0,0.9985,-0.054706,-0.009971,0,0.054706,0.9985,1.5539,0,0,0,1
1,0,0,0,0,0.99851,-0.054651,-0.0096323,0,0.054651,0.99851,1.5545,0,0,0,1
1,0,0,0,0,0.99839,-0.056759,-0.01007,0,0.056759,0.99839,1.5554,0,0,0,1
1,0,0,0,0,0.99853,-0.054174,-0.009599,0,0.054174,0.99853,1.5563,0,0,0,1
1,0,0,0,0,0.99835,-0.057337,-0.0096817,0,0.057337,0.99835,1.5571,0,0,0,1
1,0,0,0,0,0.9984,-0.056593,-0.0097115,0,0.056593,0.9984,1.558,0,0,0,1
1,0,0,0,0,0.99822,-0.05972,-0.0096409,0,0.05972,0.99822,1.5584,0,0,0,1
1,0,0,0,0,0.99827,-0.058804,-0.009462,0,0.058804,0.99827,1.5586,0,0,0,1
1,0,0,0,0,0.99804,-0.06256,-0.0094269,0,0.06256,0.99804,1.558,0,0,0,1
1,0,0,0,0,0.99804,-0.062572,-0.0093566,0,0.062572,0.99804,1.5578,0,0,0,1
1,0,0,0,0,0.99765,-0.068486,-0.0094109,0,0.068486,0.99765,1.557,0,0,0,1
1,0,0,0,0,0.99754,-0.07011,-0.0097123,0,0.07011,0.99754,1.5557,0,0,0,1
1,0,0,0,0,0.99763,-0.068872,-0.0088814,0,0.068872,0.99763,1.5547,0,0,0,1
1,0,0,0,0,0.99733,-0.073013,-0.008877,0,0.073013,0.99733,1.5535,0,0,0,1
1,0,0,0,0,0.99758,-0.069587,-0.0090287,0,0.069587,0.99758,1.552,0,0,0,1
1,0,0,0,0,0.99718,-0.075086,-0.0095199,0,0.075086,0.99718,1.5507,0,0,0,1
1,0,0,0,0,0.99673,-0.080844,-0.009138,0,0.080844,0.99673,1.5491,0,0,0,1
1,0,0,0,0,0.99691,-0.078551,-0.0088169,0,0.078551,0.99691,1.547,0,0,0,1
1,0,0,0,0,0.99682,-0.079643,-0.0083823,0,0.079643,0.99682,1.5454,0,0,0,1
1,0,0,0,0,0.99685,-0.079256,-0.0086724,0,0.079256,0.99685,1.543,0,0,0,1
1,0,0,0,0,0.99661,-0.082222,-0.0085086,0,0.082222,0.99661,1.5407,0,0,0,1
1,0,0,0,0,0.99658,-0.08263,-0.0086356,0,0.08263,0.99658,1.5376,0,0,0,1
1,0,0,0,0,0.99664,-0.08186,-0.00874,0,0.08186,0.99664,1.5348,0,0,0,1
1,0,0,0,0,0.99628,-0.086164,-0.0083014,0,0.086164,0.99628,1.5324,0,0,0,1
1,0,0,0,0,0.99595,-0.089952,-0.0078425,0,0.089952,0.99595,1.5302,0,0,0,1
1,0,0,0,0,0.99598,-0.089618,-0.0076423,0,0.089618,0.99598,1.526,0,0,0,1
1,0,0,0,0,0.99593,-0.090105,-0.0075237,0,0.090105,0.99593,1.5236,0,0,0,1
1,0,0,0,0,0.99587,-0.090791,-0.0071955,0,0.090791,0.99587,1.5188,0,0,0,1
1,0,0,0,0,0.9956,-0.09366,-0.0073327,0,0.09366,0.9956,1.5161,0,0,0,1
1,0,0,0,0,0.99554,-0.094322,-0.0066611,0,0.094322,0.99554,1.5125,0,0,0,1
1,0,0,0,0,0.99502,-0.099673,-0.0068557,0,0.099673,0.99502,1.5083,0,0,0,1
1,0,0,0,0,-0.83908,0.54401,-0.41718,0,-0.54401,-0.83908,0.30326,0,0,0,1
1,0,0,0,0,-0.83901,0.54411,-0.416,0,-0.54411,-0.83901,0.3036,0,0,0,1
1,0,0,0,0,-0.83925,0.54375,-0.41598,0,-0.54375,-0.83925,0.3034,0,0,0,1
1,0,0,0,0,-0.84035,0.54205,-0.41551,0,-0.54205,-0.84035,0.30338,0,0,0,1
1,0,0,0,0,-0.8405,0.54181,-0.41584,0,-0.54181,-0.8405,0.30385,0,0,0,1
1,0,0,0,0,-0.83838,0.54508,-0.41627,0,-0.54508,-0.83838,0.3037,0,0,0,1
1,0,0,0,0,-0.84024,0.54222,-0.41689,0,-0.54222,-0.84024,0.30405,0,0,0,1
1,0,0,0,0,-0.83878,0.54447,-0.41783,0,-0.54447,-0.83878,0.30375,0,0,0,1
1,0,0,0,0,-0.83794,0.54577,-0.41834,0,-0.54577,-0.83794,0.30391,0,0,0,1
1,0,0,0,0,-0.83664,0.54775,-0.42014,0,-0.54775,-0.83664,0.3046,0,0,0,1
1,0,0,0,0,-0.83312,0.5531,-0.42173,0,-0.5531,-0.83312,0.30409,0,0,0,1
1,0,0,0,0,-0.8261,0.56353,-0.42412,0,-0.56353,-0.8261,0.30334,0,0,0,1
1,0,0,0,0,-0.82234,0.56899,-0.42692,0,-0.56899,-0.82234,0.30335,0,0,0,1
1,0,0,0,0,-0.81592,0.57817,-0.42988,0,-0.57817,-0.81592,0.30389,0,0,0,1
1,0,0,0,0,-0.8066,0.5911,-0.43215,0,-0.5911,-0.8066,0.30416,0,0,0,1
1,0,0,0,0,-0.80004,0.59994,-0.4355,0,-0.59994,-0.80004,0.30502,0,0,0,1
1,0,0,0,0,-0.789,0.61439,-0.43952,0,-0.61439,-0.789,0.30555,0,0,0,1
1,0,0,0,0,-0.77576,0.63103,-0.44368,0,-0.63103,-0.77576,0.30642,0,0,0,1
1,0,0,0,0,-0.76718,0.64144,-0.44801,0,-0.64144,-0.76718,0.30723,0,0,0,1
1,0,0,0,0,-0.75283,0.65822,-0.45368,0,-0.65822,-0.75283,0.30806,0,0,0,1
1,0,0,0,0,-0.7341,0.67904,-0.45835,0,-0.67904,-0.7341,0.30919,0,0,0,1
1,0,0,0,0,-0.71651,0.69757,-0.4644,0,-0.69757,-0.71651,0.31015,0,0,0,1
1,0,0,0,0,-0.69546,0.71856,-0.47076,0,-0.71856,-0.69546,0.31131,0,0,0,1
1,0,0,0,0,-0.66951,0.7428,-0.47742,0,-0.7428,-0.66951,0.31185,0,0,0,1
1,0,0,0,0,-0.64558,0.76369,-0.48406,0,-0.76369,-0.64558,0.31311,0,0,0,1
1,0,0,0,0,-0.61152,0.79123,-0.49101,0,-0.79123,-0.61152,0.31483,0,0,0,1
1,0,0,0,0,-0.57751,0.81639,-0.49872,0,-0.81639,-0.57751,0.31602,0,0,0,1
1,0,0,0,0,-0.54928,0.83564,-0.50546,0,-0.83564,-0.54928,0.31738,0,0,0,1
1,0,0,0,0,-0.51648,0.8563,-0.51273,0,-0.8563,-0.51648,0.32,0,0,0,1
1,0,0,0,0,-0.47721,0.87879,-0.51888,0,-0.87879,-0.47721,0.32189,0,0,0,1
1,0,0,0,0,-0.43198,0.90188,-0.5251,0,-0.90188,-0.43198,0.32491,0,0,0,1
1,0,0,0,0,-0.39186,0.92002,-0.5308,0,-0.92002,-0.39186,0.32861,0,0,0,1
1,0,0,0,0,-0.34877,0.93721,-0.53554,0,-0.93721,-0.34877,0.33314,0,0,0,1
1,0,0,0,0,-0.30597,0.95204,-0.54084,0,-0.95204,-0.30597,0.33775,0,0,0,1
1,0,0,0,0,-0.26381,0.96458,-0.54511,0,-0.96458,-0.26381,0.34391,0,0,0,1
1,0,0,0,0,-0.21458,0.97671,-0.54807,0,-0.97671,-0.21458,0.35114,0,0,0,1
1,0,0,0,0,-0.1746,0.98464,-0.551,0,-0.98464,-0.1746,0.3585,0,0,0,1
1,0,0,0,0,-0.13942,0.99023,-0.55368,0,-0.99023,-0.13942,0.36757,0,0,0,1
1,0,0,0,0,-0.085629,0.99633,-0.55518,0,-0.99633,-0.085629,0.37637,0,0,0,1
1,0,0,0,0,-0.055411,0.99846,-0.55614,0,-0.99846,-0.055411,0.38641,0,0,0,1
1,0,0,0,0,-0.017879,0.99984,-0.5573,0,-0.99984,-0.017879,0.3965,0,0,0,1
1,0,0,0,0,0.022687,0.99974,-0.55751,0,-0.99974,0.022687,0.40864,0,0,0,1
1,0,0,0,0,0.05708,0.99837,-0.55745,0,-0.99837,0.05708,0.41914,0,0,0,1
1,0,0,0,0,0.099162,0.99507,-0.55697,0,-0.99507,0.099162,0.43057,0,0,0,1
1,0,0,0,0,0.13252,0.99118,-0.55676,0,-0.99118,0.13252,0.44203,0,0,0,1
1,0,0,0,0,0.16103,0.98695,-0.55537,0,-0.98695,0.16103,0.45382,0,0,0,1
1,0,0,0,0,0.19863,0.98008,-0.55399,0,-0.98008,0.19863,0.46697,0,0,0,1
1,0,0,0,0,0.23343,0.97237,-0.55228,0,-0.97237,0.23343,0.47902,0,0,0,1
1,0,0,0,0,0.26508,0.96423,-0.54994,0,-0.96423,0.26508,0.49173,0,0,0,1
1,0,0,0,0,0.29904,0.95424,-0.5487,0,-0.95424,0.29904,0.50459,0,0,0,1
1,0,0,0,0,0.33304,0.94291,-0.54591,0,-0.94291,0.33304,0.51686,0,0,0,1
1,0,0,0,0,0.36434,0.93127,-0.54326,0,-0.93127,0.36434,0.5304,0,0,0,1
1,0,0,0,0,0.40389,0.91481,-0.54015,0,-0.91481,0.40389,0.5432,0,0,0,1
1,0,0,0,0,0.43024,0.90271,-0.53675,0,-0.90271,0.43024,0.55639,0,0,0,1
1,0,0,0,0,0.45804,0.88893,-0.53349,0,-0.88893,0.45804,0.5695,0,0,0,1
1,0,0,0,0,0.4833,0.87545,-0.52965,0,-0.87545,0.4833,0.58276,0,0,0,1
1,0,0,0,0,0.51378,0.85792,-0.52617,0,-0.85792,0.51378,0.59614,0,0,0,1
1,0,0,0,0,0.54475,0.8386,-0.52208,0,-0.8386,0.54475,0.60904,0,0,0,1
1,0,0,0,0,0.56681,0.82385,-0.51784,0,-0.82385,0.56681,0.62172,0,0,0,1
1,0,0,0,0,0.59056,0.807,-0.51265,0,-0.807,0.59056,0.63496,0,0,0,1
1,0,0,0,0,0.61841,0.78586,-0.50808,0,-0.78586,0.61841,0.64747,0,0,0,1
1,0,0,0,0,0.64551,0.76376,-0.50291,0,-0.76376,0.64551,0.66011,0,0,0,1
1,0,0,0,0,0.67148,0.74102,-0.49739,0,-0.74102,0.67148,0.67387,0,0,0,1
