1,0,0,0,0,0.97244,0.23315,0.48248,0,-0.23315,0.97244,0.29681,0,0,0,1
1,0,0,0,0,0.9736,0.22827,0.48248,0,-0.22827,0.9736,0.29686,0,0,0,1
1,0,0,0,0,0.97353,0.22856,0.4825,0,-0.22856,0.97353,0.29704,0,0,0,1
1,0,0,0,0,0.97389,0.22704,0.4829,0,-0.22704,0.97389,0.29677,0,0,0,1
1,0,0,0,0,0.97277,0.23178,0.48337,0,-0.23178,0.97277,0.29674,0,0,0,1
1,0,0,0,0,0.97277,0.23178,0.48337,0,-0.23178,0.97277,0.29674,0,0,0,1
1,0,0,0,0,0.97231,0.23368,0.48334,0,-0.23368,0.97231,0.29651,0,0,0,1
1,0,0,0,0,0.97266,0.23225,0.48381,0,-0.23225,0.97266,0.29661,0,0,0,1
1,0,0,0,0,0.97215,0.23436,0.48402,0,-0.23436,0.97215,0.29661,0,0,0,1
1,0,0,0,0,0.97223,0.23401,0.48507,0,-0.23401,0.97223,0.29688,0,0,0,1
1,0,0,0,0,0.97298,0.23088,0.48577,0,-0.23088,0.97298,0.29705,0,0,0,1
1,0,0,0,0,0.97241,0.23327,0.48687,0,-0.23327,0.97241,0.29674,0,0,0,1
1,0,0,0,0,0.97067,0.24043,0.4881,0,-0.24043,0.97067,0.29656,0,0,0,1
1,0,0,0,0,0.97198,0.23505,0.48957,0,-0.23505,0.97198,0.29656,0,0,0,1
1,0,0,0,0,0.96949,0.24515,0.4909,0,-0.24515,0.96949,0.29644,0,0,0,1
1,0,0,0,0,0.96748,0.25294,0.49253,0,-0.25294,0.96748,0.29645,0,0,0,1
1,0,0,0,0,0.96551,0.26036,0.49496,0,-0.26036,0.96551,0.29646,0,0,0,1
1,0,0,0,0,0.96472,0.26329,0.49786,0,-0.26329,0.96472,0.29536,0,0,0,1
1,0,0,0,0,0.9604,0.27863,0.50013,0,-0.27863,0.9604,0.29478,0,0,0,1
1,0,0,0,0,0.9574,0.28877,0.50403,0,-0.28877,0.9574,0.29458,0,0,0,1
1,0,0,0,0,0.95282,0.30353,0.50791,0,-0.30353,0.95282,0.29392,0,0,0,1
1,0,0,0,0,0.94812,0.31792,0.51213,0,-0.31792,0.94812,0.29255,0,0,0,1
1,0,0,0,0,0.94605,0.32402,0.51693,0,-0.32402,0.94605,0.29171,0,0,0,1
1,0,0,0,0,0.93683,0.3498,0.52097,0,-0.3498,0.93683,0.29014,0,0,0,1
1,0,0,0,0,0.93261,0.36087,0.52648,0,-0.36087,0.93261,0.28872,0,0,0,1
1,0,0,0,0,0.92127,0.38893,0.53247,0,-0.38893,0.92127,0.28733,0,0,0,1
1,0,0,0,0,0.90872,0.4174,0.53838,0,-0.4174,0.90872,0.28497,0,0,0,1
1,0,0,0,0,0.90607,0.42312,0.54292,0,-0.42312,0.90607,0.28228,0,0,0,1
1,0,0,0,0,0.88922,0.45747,0.54908,0,-0.45747,0.88922,0.28014,0,0,0,1
1,0,0,0,0,0.88183,0.47156,0.5547,0,-0.47156,0.88183,0.27758,0,0,0,1
1,0,0,0,0,0.86921,0.49444,0.56038,0,-0.49444,0.86921,0.2751,0,0,0,1
1,0,0,0,0,0.85239,0.5229,0.56626,0,-0.5229,0.85239,0.27144,0,0,0,1
1,0,0,0,0,0.84005,0.54251,0.57173,0,-0.54251,0.84005,0.26843,0,0,0,1
1,0,0,0,0,0.82674,0.56259,0.5764,0,-0.56259,0.82674,0.26595,0,0,0,1
1,0,0,0,0,0.82338,0.56749,0.58124,0,-0.56749,0.82338,0.26282,0,0,0,1
1,0,0,0,0,0.80626,0.59156,0.58541,0,-0.59156,0.80626,0.26016,0,0,0,1
1,0,0,0,0,0.8032,0.5957,0.58849,0,-0.5957,0.8032,0.25809,0,0,0,1
1,0,0,0,0,0.78591,0.61834,0.59125,0,-0.61834,0.78591,0.25591,0,0,0,1
1,0,0,0,0,0.78246,0.6227,0.59349,0,-0.6227,0.78246,0.25459,0,0,0,1
1,0,0,0,0,0.77258,0.63491,0.59604,0,-0.63491,0.77258,0.25236,0,0,0,1
1,0,0,0,0,0.77343,0.63388,0.59745,0,-0.63388,0.77343,0.25174,0,0,0,1
1,0,0,0,0,0.76884,0.63945,0.59869,0,-0.63945,0.76884,0.25111,0,0,0,1
1,0,0,0,0,0.76606,0.64277,0.59986,0,-0.64277,0.76606,0.25071,0,0,0,1
1,0,0,0,0,0.76814,0.64028,0.59965,0,-0.64028,0.76814,0.25094,0,0,0,1
1,0,0,0,0,0.76878,0.63951,0.59918,0,-0.63951,0.76878,0.25121,0,0,0,1
1,0,0,0,0,0.77269,0.63478,0.59868,0,-0.63478,0.77269,0.25151,0,0,0,1
1,0,0,0,0,0.77557,0.63126,0.59781,0,-0.63126,0.77557,0.25252,0,0,0,1
1,0,0,0,0,0.77998,0.62581,0.59564,0,-0.62581,0.77998,0.25234,0,0,0,1
1,0,0,0,0,0.7784,0.62777,0.59485,0,-0.62777,0.7784,0.25426,0,0,0,1
1,0,0,0,0,0.78161,0.62377,0.59322,0,-0.62377,0.78161,0.25517,0,0,0,1
1,0,0,0,0,0.78494,0.61957,0.59097,0,-0.61957,0.78494,0.25662,0,0,0,1
1,0,0,0,0,0.79716,0.60377,0.58989,0,-0.60377,0.79716,0.25825,0,0,0,1
1,0,0,0,0,0.79867,0.60177,0.58796,0,-0.60177,0.79867,0.25939,0,0,0,1
1,0,0,0,0,0.8064,0.59136,0.58527,0,-0.59136,0.8064,0.26099,0,0,0,1
1,0,0,0,0,0.81314,0.58206,0.58316,0,-0.58206,0.81314,0.2627,0,0,0,1
1,0,0,0,0,0.82103,0.57088,0.5804,0,-0.57088,0.82103,0.26434,0,0,0,1
1,0,0,0,0,0.82415,0.56637,0.57657,0,-0.56637,0.82415,0.2664,0,0,0,1
1,0,0,0,0,0.82732,0.56174,0.57416,0,-0.56174,0.82732,0.26788,0,0,0,1
1,0,0,0,0,0.84414,0.53612,0.57104,0,-0.53612,0.84414,0.27015,0,0,0,1
1,0,0,0,0,0.85126,0.52474,0.56723,0,-0.52474,0.85126,0.27163,0,0,0,1
1,0,0,0,0,0.86262,0.50585,0.56315,0,-0.50585,0.86262,0.27384,0,0,0,1
1,0,0,0,0,0.87097,0.49134,0.55899,0,-0.49134,0.87097,0.27615,0,0,0,1
1,0,0,0,0,0.87891,0.47698,0.55509,0,-0.47698,0.87891,0.27847,0,0,0,1
1,0,0,0,0,0.89166,0.4527,0.55096,0,-0.4527,0.89166,0.28003,0,0,0,1
1,0,0,0,0,0.89921,0.43752,0.54646,0,-0.43752,0.89921,0.28289,0,0,0,1
1,0,0,0,0,0.90885,0.41712,0.54187,0,-0.41712,0.90885,0.28487,0,0,0,1
1,0,0,0,0,0.91993,0.39208,0.53728,0,-0.39208,0.91993,0.28729,0,0,0,1
1,0,0,0,0,0.93151,0.36373,0.53186,0,-0.36373,0.93151,0.28973,0,0,0,1
1,0,0,0,0,0.94284,0.33324,0.52725,0,-0.33324,0.94284,0.29339,0,0,0,1
1,0,0,0,0,0.95039,0.31105,0.52238,0,-0.31105,0.95039,0.29594,0,0,0,1
1,0,0,0,0,0.95958,0.28144,0.5177,0,-0.28144,0.95958,0.2984,0,0,0,1
1,0,0,0,0,0.96811,0.25054,0.51138,0,-0.25054,0.96811,0.30294,0,0,0,1
1,0,0,0,0,0.97511,0.22174,0.50691,0,-0.22174,0.97511,0.30605,0,0,0,1
1,0,0,0,0,0.98242,0.18668,0.50142,0,-0.18668,0.98242,0.30882,0,0,0,1
1,0,0,0,0,0.98788,0.1552,0.49652,0,-0.1552,0.98788,0.31389,0,0,0,1
1,0,0,0,0,0.99376,0.1115,0.49029,0,-0.1115,0.99376,0.31827,0,0,0,1
1,0,0,0,0,0.9973,0.07349,0.4853,0,-0.07349,0.9973,0.32302,0,0,0,1
1,0,0,0,0,0.99923,0.039156,0.47863,0,-0.039156,0.99923,0.32859,0,0,0,1
1,0,0,0,0,1,0.00044514,0.47338,0,-0.00044514,1,0.33369,0,0,0,1
1,0,0,0,0,0.99964,-0.026988,0.46669,0,0.026988,0.99964,0.34032,0,0,0,1
1,0,0,0,0,0.99778,-0.066544,0.46136,0,0.066544,0.99778,0.34596,0,0,0,1
1,0,0,0,0,0.99586,-0.090887,0.45457,0,0.090887,0.99586,0.35218,0,0,0,1
1,0,0,0,0,0.99034,-0.13865,0.44846,0,0.13865,0.99034,0.35922,0,0,0,1
1,0,0,0,0,0.98605,-0.16648,0.44184,0,0.16648,0.98605,0.3673,0,0,0,1
1,0,0,0,0,0.97991,-0.19942,0.43516,0,0.19942,0.97991,0.37522,0,0,0,1
1,0,0,0,0,0.97344,-0.22893,0.42821,0,0.22893,0.97344,0.38331,0,0,0,1
1,0,0,0,0,0.96784,-0.25156,0.42126,0,0.25156,0.96784,0.39204,0,0,0,1
1,0,0,0,0,0.96449,-0.26411,0.415,0,0.26411,0.96449,0.40057,0,0,0,1
1,0,0,0,0,0.95537,-0.29543,0.40724,0,0.29543,0.95537,0.40915,0,0,0,1
1,0,0,0,0,0.9511,-0.30887,0.40097,0,0.30887,0.9511,0.41788,0,0,0,1
1,0,0,0,0,0.94615,-0.32372,0.39292,0,0.32372,0.94615,0.4267,0,0,0,1
1,0,0,0,0,0.94191,-0.33588,0.3866,0,0.33588,0.94191,0.43591,0,0,0,1
1,0,0,0,0,0.93872,-0.34469,0.37914,0,0.34469,0.93872,0.44378,0,0,0,1
1,0,0,0,0,0.93625,-0.35132,0.37138,0,0.35132,0.93625,0.45233,0,0,0,1
1,0,0,0,0,0.93676,-0.34997,0.36464,0,0.34997,0.93676,0.45938,0,0,0,1
1,0,0,0,0,0.93854,-0.34517,0.35756,0,0.34517,0.93854,0.46726,0,0,0,1
1,0,0,0,0,0.94189,-0.33591,0.35005,0,0.33591,0.94189,0.47475,0,0,0,1
1,0,0,0,0,0.94022,-0.34057,0.34363,0,0.34057,0.94022,0.48153,0,0,0,1
1,0,0,0,0,0.94459,-0.32826,0.33634,0,0.32826,0.94459,0.48745,0,0,0,1
1,0,0,0,0,0.94976,-0.31298,0.3291,0,0.31298,0.94976,0.49347,0,0,0,1
1,0,0,0,0,0.95594,-0.29356,0.32194,0,0.29356,0.95594,0.49978,0,0,0,1
1,0,0,0,0,0.96141,-0.27511,0.31534,0,0.27511,0.96141,0.5061,0,0,0,1
1,0,0,0,0,0.96746,-0.25303,0.30825,0,0.25303,0.96746,0.51183,0,0,0,1
1,0,0,0,0,0.97168,-0.23629,0.30076,0,0.23629,0.97168,0.51716,0,0,0,1
1,0,0,0,0,0.97676,-0.21435,0.29371,0,0.21435,0.97676,0.52256,0,0,0,1
1,0,0,0,0,0.98145,-0.19172,0.28711,0,0.19172,0.98145,0.52701,0,0,0,1
1,0,0,0,0,0.9865,-0.16379,0.2792,0,0.16379,0.9865,0.53289,0,0,0,1
1,0,0,0,0,0.99166,-0.12885,0.27181,0,0.12885,0.99166,0.53763,0,0,0,1
1,0,0,0,0,0.99482,-0.10163,0.26556,0,0.10163,0.99482,0.54286,0,0,0,1
1,0,0,0,0,0.99498,-0.10003,0.25571,0,0.10003,0.99498,0.5465,0,0,0,1
1,0,0,0,0,0.99761,-0.069108,0.24895,0,0.069108,0.99761,0.5518,0,0,0,1
1,0,0,0,0,0.99954,-0.030477,0.24228,0,0.030477,0.99954,0.55653,0,0,0,1
1,0,0,0,0,0.99999,-0.003208,0.23535,0,0.003208,0.99999,0.56209,0,0,0,1
1,0,0,0,0,0.99968,0.025218,0.22877,0,-0.025218,0.99968,0.56644,0,0,0,1
1,0,0,0,0,0.99767,0.068224,0.22223,0,-0.068224,0.99767,0.5714,0,0,0,1
1,0,0,0,0,0.99509,0.098992,0.21533,0,-0.098992,0.99509,0.5771,0,0,0,1
1,0,0,0,0,0.99057,0.13704,0.20954,0,-0.13704,0.99057,0.58177,0,0,0,1
1,0,0,0,0,0.98724,0.15924,0.20196,0,-0.15924,0.98724,0.58724,0,0,0,1
1,0,0,0,0,0.98534,0.17063,0.19371,0,-0.17063,0.98534,0.59193,0,0,0,1
1,0,0,0,0,0.97567,0.21926,0.18837,0,-0.21926,0.97567,0.59675,0,0,0,1
1,0,0,0,0,0.96798,0.25105,0.18158,0,-0.25105,0.96798,0.60269,0,0,0,1
1,0,0,0,0,0.96211,0.27265,0.1751,0,-0.27265,0.96211,0.6082,0,0,0,1
1,0,0,0,0,0.95676,0.29087,0.16838,0,-0.29087,0.95676,0.61316,0,0,0,1
1,0,0,0,0,0.95139,0.30798,0.16114,0,-0.30798,0.95139,0.61875,0,0,0,1
1,0,0,0,0,0.94456,0.32835,0.15398,0,-0.32835,0.94456,0.62413,0,0,0,1
1,0,0,0,0,0.93414,0.35689,0.14724,0,-0.35689,0.93414,0.62996,0,0,0,1
1,0,0,0,0,0.92856,0.37118,0.14067,0,-0.37118,0.92856,0.63512,0,0,0,1
1,0,0,0,0,0.91553,0.40224,0.13488,0,-0.40224,0.91553,0.64063,0,0,0,1
1,0,0,0,0,0.89659,0.44285,0.13134,0,-0.44285,0.89659,0.64608,0,0,0,1
1,0,0,0,0,0.88513,0.46535,0.12606,0,-0.46535,0.88513,0.65099,0,0,0,1
1,0,0,0,0,0.87308,0.48758,0.11893,0,-0.48758,0.87308,0.65719,0,0,0,1
1,0,0,0,0,0.86516,0.5015,0.11373,0,-0.5015,0.86516,0.66256,0,0,0,1
1,0,0,0,0,0.84663,0.53219,0.10976,0,-0.53219,0.84663,0.6678,0,0,0,1
1,0,0,0,0,0.8344,0.55116,0.10437,0,-0.55116,0.8344,0.67305,0,0,0,1
1,0,0,0,0,0.8165,0.57735,0.099458,0,-0.57735,0.8165,0.67968,0,0,0,1
1,0,0,0,0,0.81026,0.58607,0.099599,0,-0.58607,0.81026,0.68556,0,0,0,1
1,0,0,0,0,0.80334,0.59552,0.10116,0,-0.59552,0.80334,0.68911,0,0,0,1
1,0,0,0,0,0.79572,0.60567,0.10362,0,-0.60567,0.79572,0.69381,0,0,0,1
1,0,0,0,0,0.78744,0.61639,0.10666,0,-0.61639,0.78744,0.69777,0,0,0,1
1,0,0,0,0,0.77507,0.63187,0.10912,0,-0.63187,0.77507,0.70213,0,0,0,1
1,0,0,0,0,0.7712,0.6366,0.11073,0,-0.6366,0.7712,0.7067,0,0,0,1
1,0,0,0,0,0.76286,0.64657,0.11376,0,-0.64657,0.76286,0.71058,0,0,0,1
1,0,0,0,0,0.75411,0.65675,0.1164,0,-0.65675,0.75411,0.71473,0,0,0,1
1,0,0,0,0,0.74357,0.66866,0.11963,0,-0.66866,0.74357,0.71773,0,0,0,1
1,0,0,0,0,0.73473,0.67836,0.12229,0,-0.67836,0.73473,0.7218,0,0,0,1
1,0,0,0,0,0.72661,0.68705,0.12506,0,-0.68705,0.72661,0.72566,0,0,0,1
1,0,0,0,0,0.72147,0.69244,0.12804,0,-0.69244,0.72147,0.72903,0,0,0,1
1,0,0,0,0,0.71295,0.70121,0.13033,0,-0.70121,0.71295,0.7317,0,0,0,1
1,0,0,0,0,0.69906,0.71506,0.13414,0,-0.71506,0.69906,0.73482,0,0,0,1
1,0,0,0,0,0.69257,0.72135,0.13737,0,-0.72135,0.69257,0.73768,0,0,0,1
1,0,0,0,0,0.68705,0.72661,0.14038,0,-0.72661,0.68705,0.74041,0,0,0,1
1,0,0,0,0,0.67886,0.73427,0.14345,0,-0.73427,0.67886,0.74322,0,0,0,1
1,0,0,0,0,0.67801,0.73505,0.14606,0,-0.73505,0.67801,0.74638,0,0,0,1
1,0,0,0,0,0.6628,0.7488,0.15002,0,-0.7488,0.6628,0.74864,0,0,0,1
1,0,0,0,0,0.66735,0.74474,0.1521,0,-0.74474,0.66735,0.75008,0,0,0,1
1,0,0,0,0,0.65616,0.75462,0.15535,0,-0.75462,0.65616,0.75333,0,0,0,1
1,0,0,0,0,0.63776,0.77024,0.16095,0,-0.77024,0.63776,0.75273,0,0,0,1
1,0,0,0,0,0.64526,0.76396,0.16339,0,-0.76396,0.64526,0.75659,0,0,0,1
1,0,0,0,0,0.63596,0.77172,0.16767,0,-0.77172,0.63596,0.75714,0,0,0,1
1,0,0,0,0,0.62898,0.77742,0.17038,0,-0.77742,0.62898,0.75853,0,0,0,1
1,0,0,0,0,0.60727,0.7945,0.1756,0,-0.7945,0.60727,0.75809,0,0,0,1
1,0,0,0,0,0.59905,0.80071,0.17935,0,-0.80071,0.59905,0.75957,0,0,0,1
1,0,0,0,0,0.61613,0.78764,0.18075,0,-0.78764,0.61613,0.76155,0,0,0,1
1,0,0,0,0,0.61658,0.78729,0.1847,0,-0.78729,0.61658,0.76224,0,0,0,1
1,0,0,0,0,0.60617,0.79534,0.1886,0,-0.79534,0.60617,0.76235,0,0,0,1
1,0,0,0,0,0.59782,0.80163,0.1932,0,-0.80163,0.59782,0.76301,0,0,0,1
1,0,0,0,0,0.58689,0.80967,0.1973,0,-0.80967,0.58689,0.76243,0,0,0,1
1,0,0,0,0,0.57142,0.82066,0.20197,0,-0.82066,0.57142,0.76191,0,0,0,1
1,0,0,0,0,0.57267,0.81979,0.20659,0,-0.81979,0.57267,0.76108,0,0,0,1
1,0,0,0,0,-0.85627,-0.51653,0.40804,0,0.51653,-0.85627,0.31409,0,0,0,1
1,0,0,0,0,-0.8543,-0.51978,0.40749,0,0.51978,-0.8543,0.31432,0,0,0,1
1,0,0,0,0,-0.8543,-0.51978,0.40749,0,0.51978,-0.8543,0.31432,0,0,0,1
1,0,0,0,0,-0.8546,-0.51929,0.40764,0,0.51929,-0.8546,0.31445,0,0,0,1
1,0,0,0,0,-0.8538,-0.52059,0.40749,0,0.52059,-0.8538,0.3145,0,0,0,1
1,0,0,0,0,-0.8538,-0.52059,0.40749,0,0.52059,-0.8538,0.3145,0,0,0,1
1,0,0,0,0,-0.8567,-0.51582,0.40795,0,0.51582,-0.8567,0.31419,0,0,0,1
1,0,0,0,0,-0.85862,-0.51261,0.4083,0,0.51261,-0.85862,0.31415,0,0,0,1
1,0,0,0,0,-0.85881,-0.5123,0.40878,0,0.5123,-0.85881,0.31431,0,0,0,1
1,0,0,0,0,-0.85406,-0.52017,0.40991,0,0.52017,-0.85406,0.31455,0,0,0,1
1,0,0,0,0,-0.85138,-0.52454,0.41164,0,0.52454,-0.85138,0.31461,0,0,0,1
1,0,0,0,0,-0.84919,-0.52808,0.41204,0,0.52808,-0.84919,0.3143,0,0,0,1
1,0,0,0,0,-0.85038,-0.52617,0.41382,0,0.52617,-0.85038,0.31452,0,0,0,1
1,0,0,0,0,-0.84331,-0.53742,0.41538,0,0.53742,-0.84331,0.31455,0,0,0,1
1,0,0,0,0,-0.84573,-0.53362,0.41712,0,0.53362,-0.84573,0.31507,0,0,0,1
1,0,0,0,0,-0.83516,-0.55,0.41814,0,0.55,-0.83516,0.316,0,0,0,1
1,0,0,0,0,-0.83274,-0.55366,0.42073,0,0.55366,-0.83274,0.31694,0,0,0,1
1,0,0,0,0,-0.82567,-0.56415,0.4249,0,0.56415,-0.82567,0.31595,0,0,0,1
1,0,0,0,0,-0.82127,-0.57055,0.42713,0,0.57055,-0.82127,0.31777,0,0,0,1
1,0,0,0,0,-0.81434,-0.58039,0.43043,0,0.58039,-0.81434,0.31882,0,0,0,1
1,0,0,0,0,-0.80434,-0.59417,0.43352,0,0.59417,-0.80434,0.31962,0,0,0,1
1,0,0,0,0,-0.78858,-0.61494,0.43823,0,0.61494,-0.78858,0.3208,0,0,0,1
1,0,0,0,0,-0.7784,-0.62777,0.4428,0,0.62777,-0.7784,0.32117,0,0,0,1
1,0,0,0,0,-0.76101,-0.64873,0.44732,0,0.64873,-0.76101,0.32222,0,0,0,1
1,0,0,0,0,-0.74629,-0.66562,0.45181,0,0.66562,-0.74629,0.32272,0,0,0,1
1,0,0,0,0,-0.72644,-0.68723,0.45677,0,0.68723,-0.72644,0.32446,0,0,0,1
1,0,0,0,0,-0.70264,-0.71155,0.46269,0,0.71155,-0.70264,0.32601,0,0,0,1
1,0,0,0,0,-0.67667,-0.73628,0.4688,0,0.73628,-0.67667,0.32736,0,0,0,1
1,0,0,0,0,-0.65542,-0.75526,0.47411,0,0.75526,-0.65542,0.32911,0,0,0,1
1,0,0,0,0,-0.62899,-0.77741,0.48015,0,0.77741,-0.62899,0.33055,0,0,0,1
1,0,0,0,0,-0.59912,-0.80066,0.48546,0,0.80066,-0.59912,0.33277,0,0,0,1
1,0,0,0,0,-0.56764,-0.82328,0.49039,0,0.82328,-0.56764,0.33465,0,0,0,1
1,0,0,0,0,-0.53083,-0.84748,0.49489,0,0.84748,-0.53083,0.33844,0,0,0,1
1,0,0,0,0,-0.49286,-0.87011,0.5004,0,0.87011,-0.49286,0.342,0,0,0,1
1,0,0,0,0,-0.46287,-0.88643,0.50499,0,0.88643,-0.46287,0.34545,0,0,0,1
1,0,0,0,0,-0.41532,-0.90968,0.50889,0,0.90968,-0.41532,0.35073,0,0,0,1
1,0,0,0,0,-0.38383,-0.9234,0.51118,0,0.9234,-0.38383,0.35641,0,0,0,1
1,0,0,0,0,-0.34182,-0.93977,0.51456,0,0.93977,-0.34182,0.36303,0,0,0,1
1,0,0,0,0,-0.30844,-0.95124,0.51758,0,0.95124,-0.30844,0.36957,0,0,0,1
1,0,0,0,0,-0.2674,-0.96359,0.51946,0,0.96359,-0.2674,0.37843,0,0,0,1
1,0,0,0,0,-0.22305,-0.97481,0.52074,0,0.97481,-0.22305,0.38689,0,0,0,1
1,0,0,0,0,-0.18109,-0.98347,0.52141,0,0.98347,-0.18109,0.39679,0,0,0,1
1,0,0,0,0,-0.14887,-0.98886,0.52247,0,0.98886,-0.14887,0.40561,0,0,0,1
1,0,0,0,0,-0.10937,-0.994,0.52192,0,0.994,-0.10937,0.41701,0,0,0,1
1,0,0,0,0,-0.072497,-0.99737,0.52196,0,0.99737,-0.072497,0.42831,0,0,0,1
1,0,0,0,0,-0.031037,-0.99952,0.52188,0,0.99952,-0.031037,0.43874,0,0,0,1
1,0,0,0,0,0.016677,-0.99986,0.52096,0,0.99986,0.016677,0.45058,0,0,0,1
1,0,0,0,0,0.062695,-0.99803,0.52052,0,0.99803,0.062695,0.46239,0,0,0,1
1,0,0,0,0,0.094523,-0.99552,0.51983,0,0.99552,0.094523,0.4738,0,0,0,1
1,0,0,0,0,0.13718,-0.99055,0.51823,0,0.99055,0.13718,0.4865,0,0,0,1
1,0,0,0,0,0.1755,-0.98448,0.51607,0,0.98448,0.1755,0.49867,0,0,0,1
1,0,0,0,0,0.20758,-0.97822,0.51366,0,0.97822,0.20758,0.51205,0,0,0,1
1,0,0,0,0,0.25261,-0.96757,0.51169,0,0.96757,0.25261,0.52419,0,0,0,1
1,0,0,0,0,0.28425,-0.95875,0.50902,0,0.95875,0.28425,0.53812,0,0,0,1
1,0,0,0,0,0.31889,-0.94779,0.50621,0,0.94779,0.31889,0.55006,0,0,0,1
1,0,0,0,0,0.35637,-0.93434,0.50272,0,0.93434,0.35637,0.56405,0,0,0,1
1,0,0,0,0,0.3905,-0.9206,0.49888,0,0.9206,0.3905,0.57668,0,0,0,1
1,0,0,0,0,0.42199,-0.9066,0.49509,0,0.9066,0.42199,0.59035,0,0,0,1
1,0,0,0,0,0.46432,-0.88567,0.49174,0,0.88567,0.46432,0.60281,0,0,0,1
1,0,0,0,0,0.49302,-0.87002,0.48759,0,0.87002,0.49302,0.61651,0,0,0,1
1,0,0,0,0,0.51334,-0.85819,0.48358,0,0.85819,0.51334,0.62946,0,0,0,1
1,0,0,0,0,0.54957,-0.83545,0.47899,0,0.83545,0.54957,0.64234,0,0,0,1
1,0,0,0,0,0.57339,-0.81928,0.47371,0,0.81928,0.57339,0.65451,0,0,0,1
1,0,0,0,0,0.5956,-0.80328,0.46854,0,0.80328,0.5956,0.66624,0,0,0,1
1,0,0,0,0,0.62309,-0.78215,0.46324,0,0.78215,0.62309,0.67818,0,0,0,1
1,0,0,0,0,0.64963,-0.76025,0.45797,0,0.76025,0.64963,0.69078,0,0,0,1
1,0,0,0,0,0.6749,-0.73791,0.4522,0,0.73791,0.6749,0.70246,0,0,0,1
1,0,0,0,0,0.69406,-0.71992,0.44681,0,0.71992,0.69406,0.71437,0,0,0,1
1,0,0,0,0,0.72477,-0.68899,0.43966,0,0.68899,0.72477,0.72773,0,0,0,1
1,0,0,0,0,0.7382,-0.67458,0.43356,0,0.67458,0.7382,0.73794,0,0,0,1
1,0,0,0,0,0.76567,-0.64323,0.42703,0,0.64323,0.76567,0.74966,0,0,0,1
1,0,0,0,0,0.78363,-0.62122,0.4201,0,0.62122,0.78363,0.76136,0,0,0,1
1,0,0,0,0,0.80693,-0.59065,0.413,0,0.59065,0.80693,0.77377,0,0,0,1
1,0,0,0,0,0.82623,-0.56333,0.40593,0,0.56333,0.82623,0.78527,0,0,0,1
1,0,0,0,0,0.84359,-0.53699,0.39902,0,0.53699,0.84359,0.79616,0,0,0,1
1,0,0,0,0,0.85633,-0.51643,0.39158,0,0.51643,0.85633,0.80688,0,0,0,1
1,0,0,0,0,0.87694,-0.48059,0.38267,0,0.48059,0.87694,0.81868,0,0,0,1
1,0,0,0,0,0.88983,-0.4563,0.37474,0,0.4563,0.88983,0.82933,0,0,0,1
1,0,0,0,0,0.90329,-0.42904,0.36654,0,0.42904,0.90329,0.84016,0,0,0,1
1,0,0,0,0,0.91417,-0.40534,0.35863,0,0.40534,0.91417,0.85085,0,0,0,1
1,0,0,0,0,0.93152,-0.3637,0.3517,0,0.3637,0.93152,0.86084,0,0,0,1
1,0,0,0,0,0.94235,-0.33463,0.34355,0,0.33463,0.94235,0.87169,0,0,0,1
1,0,0,0,0,0.9529,-0.30329,0.33624,0,0.30329,0.9529,0.8818,0,0,0,1
1,0,0,0,0,0.96192,-0.27334,0.32748,0,0.27334,0.96192,0.89175,0,0,0,1
1,0,0,0,0,0.97224,-0.23397,0.32026,0,0.23397,0.97224,0.90126,0,0,0,1
1,0,0,0,0,0.97808,-0.20821,0.313,0,0.20821,0.97808,0.91231,0,0,0,1
1,0,0,0,0,0.98344,-0.18126,0.30601,0,0.18126,0.98344,0.92154,0,0,0,1
1,0,0,0,0,0.98644,-0.16412,0.29755,0,0.16412,0.98644,0.93263,0,0,0,1
1,0,0,0,0,0.98818,-0.15328,0.29138,0,0.15328,0.98818,0.94178,0,0,0,1
1,0,0,0,0,0.99151,-0.13004,0.283,0,0.13004,0.99151,0.95164,0,0,0,1
1,0,0,0,0,0.99425,-0.10706,0.27784,0,0.10706,0.99425,0.96048,0,0,0,1
1,0,0,0,0,0.99455,-0.10428,0.27006,0,0.10428,0.99455,0.9682,0,0,0,1
1,0,0,0,0,0.99634,-0.085492,0.26453,0,0.085492,0.99634,0.97899,0,0,0,1
1,0,0,0,0,0.99834,-0.057599,0.26101,0,0.057599,0.99834,0.98793,0,0,0,1
1,0,0,0,0,0.9981,-0.061664,0.25405,0,0.061664,0.9981,0.99616,0,0,0,1
1,0,0,0,0,0.99898,-0.04513,0.252,0,0.04513,0.99898,1.0046,0,0,0,1
1,0,0,0,0,0.99859,-0.053093,0.24754,0,0.053093,0.99859,1.0133,0,0,0,1
1,0,0,0,0,0.99926,-0.038539,0.24332,0,0.038539,0.99926,1.0222,0,0,0,1
1,0,0,0,0,0.99949,-0.032024,0.24213,0,0.032024,0.99949,1.0307,0,0,0,1
1,0,0,0,0,0.99983,-0.01817,0.23942,0,0.01817,0.99983,1.0391,0,0,0,1
1,0,0,0,0,0.99996,-0.0092448,0.23717,0,0.0092448,0.99996,1.048,0,0,0,1
1,0,0,0,0,1,0.00066932,0.2358,0,-0.00066932,1,1.056,0,0,0,1
1,0,0,0,0,0.99999,0.0042548,0.23408,0,-0.0042548,0.99999,1.0635,0,0,0,1
1,0,0,0,0,0.99991,-0.013047,0.22969,0,0.013047,0.99991,1.0728,0,0,0,1
1,0,0,0,0,0.99925,-0.038721,0.23218,0,0.038721,0.99925,1.0803,0,0,0,1
1,0,0,0,0,0.99975,-0.022221,0.22974,0,0.022221,0.99975,1.0869,0,0,0,1
1,0,0,0,0,0.99997,-0.0071171,0.22767,0,0.0071171,0.99997,1.0942,0,0,0,1
1,0,0,0,0,0.99997,-0.0083292,0.2269,0,0.0083292,0.99997,1.1013,0,0,0,1
1,0,0,0,0,0.99998,0.0064603,0.2287,0,-0.0064603,0.99998,1.106,0,0,0,1
1,0,0,0,0,0.99991,0.013124,0.22784,0,-0.013124,0.99991,1.1134,0,0,0,1
1,0,0,0,0,0.99995,0.0098656,0.22754,0,-0.0098656,0.99995,1.1191,0,0,0,1
1,0,0,0,0,0.99969,-0.024853,0.23094,0,0.024853,0.99969,1.1251,0,0,0,1
1,0,0,0,0,0.9991,-0.042474,0.23114,0,0.042474,0.9991,1.1326,0,0,0,1
1,0,0,0,0,0.99913,-0.041728,0.23124,0,0.041728,0.99913,1.1379,0,0,0,1
1,0,0,0,0,0.99925,-0.038825,0.23237,0,0.038825,0.99925,1.1441,0,0,0,1
1,0,0,0,0,0.99917,-0.040728,0.23187,0,0.040728,0.99917,1.149,0,0,0,1
1,0,0,0,0,0.9993,-0.037472,0.23313,0,0.037472,0.9993,1.1533,0,0,0,1
1,0,0,0,0,0.99918,-0.040572,0.23379,0,0.040572,0.99918,1.1578,0,0,0,1
1,0,0,0,0,0.99862,-0.052569,0.23451,0,0.052569,0.99862,1.1628,0,0,0,1
1,0,0,0,0,0.99895,-0.045904,0.23563,0,0.045904,0.99895,1.1688,0,0,0,1
1,0,0,0,0,0.9987,-0.050995,0.23592,0,0.050995,0.9987,1.1723,0,0,0,1
1,0,0,0,0,0.99896,-0.045661,0.23584,0,0.045661,0.99896,1.1768,0,0,0,1
1,0,0,0,0,0.99883,-0.048264,0.23643,0,0.048264,0.99883,1.1803,0,0,0,1
1,0,0,0,0,0.9982,-0.059914,0.23585,0,0.059914,0.9982,1.1832,0,0,0,1
1,0,0,0,0,0.99823,-0.059399,0.23735,0,0.059399,0.99823,1.1875,0,0,0,1
1,0,0,0,0,0.99783,-0.065887,0.23736,0,0.065887,0.99783,1.1889,0,0,0,1
1,0,0,0,0,0.99853,-0.054239,0.23657,0,0.054239,0.99853,1.1933,0,0,0,1
1,0,0,0,0,0.9992,-0.040102,0.23519,0,0.040102,0.9992,1.1942,0,0,0,1
1,0,0,0,0,0.99945,-0.033205,0.23511,0,0.033205,0.99945,1.1987,0,0,0,1
1,0,0,0,0,0.99957,-0.029289,0.23448,0,0.029289,0.99957,1.2001,0,0,0,1
1,0,0,0,0,0.99953,-0.030763,0.23479,0,0.030763,0.99953,1.2051,0,0,0,1
1,0,0,0,0,0.99938,-0.0353,0.23456,0,0.0353,0.99938,1.2055,0,0,0,1
1,0,0,0,0,0.99872,-0.050549,0.23636,0,0.050549,0.99872,1.2072,0,0,0,1
1,0,0,0,0,0.99823,-0.059519,0.23712,0,0.059519,0.99823,1.2087,0,0,0,1
1,0,0,0,0,0.99857,-0.053377,0.2365,0,0.053377,0.99857,1.2105,0,0,0,1
1,0,0,0,0,0.998,-0.063228,0.23803,0,0.063228,0.998,1.2121,0,0,0,1
1,0,0,0,0,0.99718,-0.075085,0.24067,0,0.075085,0.99718,1.2152,0,0,0,1
1,0,0,0,0,0.99577,-0.091905,0.24005,0,0.091905,0.99577,1.2172,0,0,0,1
1,0,0,0,0,0.99346,-0.11417,0.2419,0,0.11417,0.99346,1.2186,0,0,0,1
1,0,0,0,0,0.99246,-0.12254,0.24441,0,0.12254,0.99246,1.2202,0,0,0,1
1,0,0,0,0,0.99063,-0.13656,0.24642,0,0.13656,0.99063,1.2214,0,0,0,1
1,0,0,0,0,0.98926,-0.14619,0.24892,0,0.14619,0.98926,1.2229,0,0,0,1
1,0,0,0,0,0.98656,-0.1634,0.25308,0,0.1634,0.98656,1.2237,0,0,0,1
1,0,0,0,0,0.98486,-0.17337,0.25591,0,0.17337,0.98486,1.2245,0,0,0,1
1,0,0,0,0,0.9806,-0.19603,0.25831,0,0.19603,0.9806,1.2261,0,0,0,1
1,0,0,0,0,0.97901,-0.2038,0.26009,0,0.2038,0.97901,1.227,0,0,0,1
1,0,0,0,0,0.9746,-0.22395,0.26447,0,0.22395,0.9746,1.2285,0,0,0,1
1,0,0,0,0,0.97309,-0.23044,0.2682,0,0.23044,0.97309,1.2277,0,0,0,1
1,0,0,0,0,0.97314,-0.23021,0.26886,0,0.23021,0.97314,1.2283,0,0,0,1
1,0,0,0,0,0.97104,-0.23891,0.27193,0,0.23891,0.97104,1.2284,0,0,0,1
1,0,0,0,0,0.96802,-0.25087,0.27409,0,0.25087,0.96802,1.228,0,0,0,1
1,0,0,0,0,0.96424,-0.26502,0.2762,0,0.26502,0.96424,1.2272,0,0,0,1
1,0,0,0,0,0.96054,-0.27814,0.28023,0,0.27814,0.96054,1.2265,0,0,0,1
1,0,0,0,0,0.95504,-0.29648,0.28115,0,0.29648,0.95504,1.2258,0,0,0,1
1,0,0,0,0,0.95144,-0.30783,0.28571,0,0.30783,0.95144,1.2257,0,0,0,1
1,0,0,0,0,0.94544,-0.32578,0.28921,0,0.32578,0.94544,1.2247,0,0,0,1
1,0,0,0,0,0.93809,-0.34638,0.2917,0,0.34638,0.93809,1.2244,0,0,0,1
1,0,0,0,0,0.93387,-0.35761,0.29485,0,0.35761,0.93387,1.2235,0,0,0,1
1,0,0,0,0,0.92262,-0.38571,0.29658,0,0.38571,0.92262,1.2225,0,0,0,1
1,0,0,0,0,0.92727,-0.37439,0.29945,0,0.37439,0.92727,1.2191,0,0,0,1
1,0,0,0,0,0.91657,-0.39989,0.30192,0,0.39989,0.91657,1.2182,0,0,0,1
1,0,0,0,0,0.91608,-0.401,0.30467,0,0.401,0.91608,1.2164,0,0,0,1
1,0,0,0,0,0.91027,-0.41401,0.30806,0,0.41401,0.91027,1.2135,0,0,0,1
1,0,0,0,0,0.91734,-0.3981,0.31082,0,0.3981,0.91734,1.2113,0,0,0,1
1,0,0,0,0,0.91041,-0.41371,0.31287,0,0.41371,0.91041,1.2092,0,0,0,1
1,0,0,0,0,0.90969,-0.4153,0.31677,0,0.4153,0.90969,1.2074,0,0,0,1
1,0,0,0,0,0.90097,-0.43387,0.31833,0,0.43387,0.90097,1.2031,0,0,0,1
1,0,0,0,0,0.90839,-0.41812,0.32321,0,0.41812,0.90839,1.2025,0,0,0,1
1,0,0,0,0,0.89397,-0.44813,0.32278,0,0.44813,0.89397,1.1973,0,0,0,1
1,0,0,0,0,0.99983,-0.018545,0,0,0.018545,0.99983,0.06793,0,0,0,1
1,0,0,0,0,0.99985,-0.017062,-7.3158e-05,0,0.017062,0.99985,0.067486,0,0,0,1
1,0,0,0,0,0.99988,-0.015491,0.00053945,0,0.015491,0.99988,0.067719,0,0,0,1
1,0,0,0,0,0.99988,-0.015491,0.00053945,0,0.015491,0.99988,0.067719,0,0,0,1
1,0,0,0,0,0.99989,-0.014593,0.00040643,0,0.014593,0.99989,0.067852,0,0,0,1
1,0,0,0,0,0.99988,-0.015491,0.00053945,0,0.015491,0.99988,0.067719,0,0,0,1
1,0,0,0,0,0.9999,-0.014325,0.00021517,0,0.014325,0.9999,0.067809,0,0,0,1
1,0,0,0,0,0.99988,-0.015533,0.00013301,0,0.015533,0.99988,0.067719,0,0,0,1
1,0,0,0,0,0.99988,-0.015256,0.00032554,0,0.015256,0.99988,0.06768,0,0,0,1
1,0,0,0,0,0.99988,-0.015533,0.00013301,0,0.015533,0.99988,0.067719,0,0,0,1
1,0,0,0,0,0.99985,-0.017029,0.00036579,0,0.017029,0.99985,0.068218,0,0,0,1
1,0,0,0,0,0.99987,-0.015879,0.00034654,0,0.015879,0.99987,0.068044,0,0,0,1
1,0,0,0,0,0.99993,-0.012197,0.00055944,0,0.012197,0.99993,0.068469,0,0,0,1
1,0,0,0,0,0.99989,-0.014643,0.00054032,0,0.014643,0.99989,0.069315,0,0,0,1
1,0,0,0,0,0.99992,-0.012676,0.00021947,0,0.012676,0.99992,0.070778,0,0,0,1
1,0,0,0,0,0.99994,-0.011313,0.00023103,0,0.011313,0.99994,0.072742,0,0,0,1
1,0,0,0,0,0.99998,-0.0069739,0.00092899,0,0.0069739,0.99998,0.074854,0,0,0,1
1,0,0,0,0,0.99998,-0.00577,0.00013301,0,0.00577,0.99998,0.077961,0,0,0,1
1,0,0,0,0,0.99998,-0.0061321,0.0004462,0,0.0061321,0.99998,0.080746,0,0,0,1
1,0,0,0,0,1,-0.0030598,1.5855e-05,0,0.0030598,1,0.084135,0,0,0,1
1,0,0,0,0,1,0.002264,0.00096805,0,-0.002264,1,0.088595,0,0,0,1
1,0,0,0,0,0.99999,-0.004439,0.00077909,0,0.004439,0.99999,0.092792,0,0,0,1
1,0,0,0,0,1,-0.0008877,0.00013301,0,0.0008877,1,0.097714,0,0,0,1
1,0,0,0,0,1,0.002445,0.00036579,0,-0.002445,1,0.1026,0,0,0,1
1,0,0,0,0,1,0.0020513,0.00019252,0,-0.0020513,1,0.10924,0,0,0,1
1,0,0,0,0,0.99997,0.0072663,-0.00051141,0,-0.0072663,0.99997,0.11607,0,0,0,1
1,0,0,0,0,0.99997,0.0081597,-0.00091448,0,-0.0081597,0.99997,0.12394,0,0,0,1
1,0,0,0,0,0.99985,0.017218,-0.0013138,0,-0.017218,0.99985,0.13215,0,0,0,1
1,0,0,0,0,0.99991,0.013759,-0.0028789,0,-0.013759,0.99991,0.14163,0,0,0,1
1,0,0,0,0,0.99981,0.019604,-0.0034238,0,-0.019604,0.99981,0.15181,0,0,0,1
1,0,0,0,0,0.99981,0.019684,-0.0040301,0,-0.019684,0.99981,0.16189,0,0,0,1
1,0,0,0,0,0.99972,0.023497,-0.0043895,0,-0.023497,0.99972,0.17413,0,0,0,1
1,0,0,0,0,0.9996,0.028219,-0.0053284,0,-0.028219,0.9996,0.18744,0,0,0,1
1,0,0,0,0,0.99956,0.029581,-0.0065715,0,-0.029581,0.99956,0.20136,0,0,0,1
1,0,0,0,0,0.99956,0.029797,-0.007953,0,-0.029797,0.99956,0.21683,0,0,0,1
1,0,0,0,0,0.99943,0.033713,-0.0086536,0,-0.033713,0.99943,0.23199,0,0,0,1
1,0,0,0,0,0.99937,0.035573,-0.010597,0,-0.035573,0.99937,0.24924,0,0,0,1
1,0,0,0,0,0.99931,0.037057,-0.010738,0,-0.037057,0.99931,0.26635,0,0,0,1
1,0,0,0,0,0.99949,0.032088,-0.012092,0,-0.032088,0.99949,0.28435,0,0,0,1
1,0,0,0,0,0.99952,0.030971,-0.012986,0,-0.030971,0.99952,0.30288,0,0,0,1
1,0,0,0,0,0.99932,0.036765,-0.014927,0,-0.036765,0.99932,0.32373,0,0,0,1
1,0,0,0,0,0.9996,0.028122,-0.015888,0,-0.028122,0.9996,0.34356,0,0,0,1
1,0,0,0,0,0.99936,0.03566,-0.01681,0,-0.03566,0.99936,0.36306,0,0,0,1
1,0,0,0,0,0.99969,0.024842,-0.017258,0,-0.024842,0.99969,0.38428,0,0,0,1
1,0,0,0,0,0.99977,0.021478,-0.018838,0,-0.021478,0.99977,0.40502,0,0,0,1
1,0,0,0,0,0.99977,0.021608,-0.01955,0,-0.021608,0.99977,0.42586,0,0,0,1
1,0,0,0,0,0.99987,0.016382,-0.020436,0,-0.016382,0.99987,0.44692,0,0,0,1
1,0,0,0,0,0.99991,0.013721,-0.020646,0,-0.013721,0.99991,0.46923,0,0,0,1
1,0,0,0,0,0.99998,0.0065307,-0.020891,0,-0.0065307,0.99998,0.49058,0,0,0,1
1,0,0,0,0,0.99991,0.013394,-0.022378,0,-0.013394,0.99991,0.51308,0,0,0,1
1,0,0,0,0,0.99998,0.0069282,-0.022675,0,-0.0069282,0.99998,0.5348,0,0,0,1
1,0,0,0,0,1,-0.00042272,-0.023214,0,0.00042272,1,0.55707,0,0,0,1
1,0,0,0,0,0.99999,-0.0039727,-0.024021,0,0.0039727,0.99999,0.57864,0,0,0,1
1,0,0,0,0,0.99996,-0.0086049,-0.024719,0,0.0086049,0.99996,0.60096,0,0,0,1
1,0,0,0,0,0.99995,-0.010473,-0.025165,0,0.010473,0.99995,0.62262,0,0,0,1
1,0,0,0,0,0.99988,-0.015328,-0.025469,0,0.015328,0.99988,0.64432,0,0,0,1
1,0,0,0,0,0.99985,-0.017293,-0.026233,0,0.017293,0.99985,0.66654,0,0,0,1
1,0,0,0,0,0.99973,-0.023429,-0.026916,0,0.023429,0.99973,0.68804,0,0,0,1
1,0,0,0,0,0.99963,-0.02717,-0.027005,0,0.02717,0.99963,0.70805,0,0,0,1
1,0,0,0,0,0.99971,-0.023954,-0.027388,0,0.023954,0.99971,0.73022,0,0,0,1
1,0,0,0,0,0.99941,-0.034367,-0.028385,0,0.034367,0.99941,0.75019,0,0,0,1
1,0,0,0,0,0.99933,-0.036649,-0.028449,0,0.036649,0.99933,0.77193,0,0,0,1
1,0,0,0,0,0.99939,-0.03498,-0.028891,0,0.03498,0.99939,0.79222,0,0,0,1
1,0,0,0,0,0.99896,-0.045586,-0.029836,0,0.045586,0.99896,0.81272,0,0,0,1
1,0,0,0,0,0.99913,-0.041659,-0.030367,0,0.041659,0.99913,0.83166,0,0,0,1
1,0,0,0,0,0.99905,-0.043585,-0.030804,0,0.043585,0.99905,0.85081,0,0,0,1
1,0,0,0,0,0.99887,-0.047554,-0.031207,0,0.047554,0.99887,0.87082,0,0,0,1
1,0,0,0,0,0.99887,-0.047506,-0.031841,0,0.047506,0.99887,0.88939,0,0,0,1
1,0,0,0,0,0.99861,-0.052674,-0.032113,0,0.052674,0.99861,0.90788,0,0,0,1
1,0,0,0,0,0.998,-0.063252,-0.032066,0,0.063252,0.998,0.92678,0,0,0,1
1,0,0,0,0,0.99773,-0.067321,-0.032336,0,0.067321,0.99773,0.94474,0,0,0,1
1,0,0,0,0,0.99753,-0.070282,-0.032359,0,0.070282,0.99753,0.96225,0,0,0,1
1,0,0,0,0,0.9974,-0.072087,-0.032282,0,0.072087,0.9974,0.97955,0,0,0,1
1,0,0,0,0,0.99752,-0.070354,-0.031944,0,0.070354,0.99752,0.99652,0,0,0,1
1,0,0,0,0,0.99649,-0.083667,-0.031919,0,0.083667,0.99649,1.0134,0,0,0,1
1,0,0,0,0,0.99672,-0.080941,-0.032403,0,0.080941,0.99672,1.0286,0,0,0,1
1,0,0,0,0,0.99665,-0.08175,-0.033535,0,0.08175,0.99665,1.0444,0,0,0,1
1,0,0,0,0,0.99629,-0.086083,-0.033619,0,0.086083,0.99629,1.0598,0,0,0,1
1,0,0,0,0,0.99682,-0.07964,-0.033375,0,0.07964,0.99682,1.0741,0,0,0,1
1,0,0,0,0,0.99667,-0.081592,-0.033761,0,0.081592,0.99667,1.0882,0,0,0,1
1,0,0,0,0,0.99705,-0.076779,-0.034023,0,0.076779,0.99705,1.1029,0,0,0,1
1,0,0,0,0,0.99669,-0.081275,-0.034437,0,0.081275,0.99669,1.1169,0,0,0,1
1,0,0,0,0,0.9965,-0.083638,-0.034333,0,0.083638,0.9965,1.1301,0,0,0,1
1,0,0,0,0,0.99659,-0.082547,-0.035104,0,0.082547,0.99659,1.1427,0,0,0,1
1,0,0,0,0,0.99605,-0.088763,-0.036708,0,0.088763,0.99605,1.1553,0,0,0,1
1,0,0,0,0,0.996,-0.089343,-0.037208,0,0.089343,0.996,1.1676,0,0,0,1
1,0,0,0,0,0.99617,-0.08745,-0.037738,0,0.08745,0.99617,1.1791,0,0,0,1
1,0,0,0,0,0.99634,-0.085517,-0.038164,0,0.085517,0.99634,1.1893,0,0,0,1
1,0,0,0,0,0.99645,-0.084235,-0.039548,0,0.084235,0.99645,1.2002,0,0,0,1
1,0,0,0,0,0.9963,-0.085953,-0.040422,0,0.085953,0.9963,1.2113,0,0,0,1
1,0,0,0,0,0.9966,-0.082384,-0.040793,0,0.082384,0.9966,1.221,0,0,0,1
1,0,0,0,0,0.99637,-0.085071,-0.042569,0,0.085071,0.99637,1.2307,0,0,0,1
1,0,0,0,0,0.99595,-0.089855,-0.043248,0,0.089855,0.99595,1.2409,0,0,0,1
1,0,0,0,0,0.99619,-0.087235,-0.044484,0,0.087235,0.99619,1.2511,0,0,0,1
1,0,0,0,0,0.99598,-0.089583,-0.045357,0,0.089583,0.99598,1.2604,0,0,0,1
1,0,0,0,0,0.99615,-0.087722,-0.045718,0,0.087722,0.99615,1.2696,0,0,0,1
1,0,0,0,0,0.99605,-0.088845,-0.046737,0,0.088845,0.99605,1.2792,0,0,0,1
1,0,0,0,0,0.99598,-0.089568,-0.047971,0,0.089568,0.99598,1.2878,0,0,0,1
1,0,0,0,0,0.99599,-0.089477,-0.048572,0,0.089477,0.99599,1.2972,0,0,0,1
1,0,0,0,0,0.99559,-0.093842,-0.049394,0,0.093842,0.99559,1.305,0,0,0,1
1,0,0,0,0,0.99623,-0.086768,-0.050325,0,0.086768,0.99623,1.3152,0,0,0,1
1,0,0,0,0,0.99578,-0.091777,-0.051211,0,0.091777,0.99578,1.3225,0,0,0,1
1,0,0,0,0,0.99551,-0.094605,-0.05197,0,0.094605,0.99551,1.3305,0,0,0,1
1,0,0,0,0,0.99494,-0.10047,-0.054485,0,0.10047,0.99494,1.3389,0,0,0,1
1,0,0,0,0,0.99433,-0.10636,-0.055445,0,0.10636,0.99433,1.3467,0,0,0,1
1,0,0,0,0,0.99483,-0.10158,-0.055457,0,0.10158,0.99483,1.3536,0,0,0,1
1,0,0,0,0,0.99577,-0.091875,-0.055356,0,0.091875,0.99577,1.3605,0,0,0,1
1,0,0,0,0,0.99646,-0.084122,-0.056341,0,0.084122,0.99646,1.3665,0,0,0,1
1,0,0,0,0,0.99486,-0.10124,-0.057568,0,0.10124,0.99486,1.375,0,0,0,1
1,0,0,0,0,0.99527,-0.097149,-0.058209,0,0.097149,0.99527,1.3807,0,0,0,1
1,0,0,0,0,0.99507,-0.099195,-0.059584,0,0.099195,0.99507,1.3877,0,0,0,1
1,0,0,0,0,0.99525,-0.097362,-0.059948,0,0.097362,0.99525,1.3932,0,0,0,1
1,0,0,0,0,0.99536,-0.096191,-0.060965,0,0.096191,0.99536,1.3988,0,0,0,1
1,0,0,0,0,0.9952,-0.097883,-0.061749,0,0.097883,0.9952,1.4042,0,0,0,1
1,0,0,0,0,0.99481,-0.10171,-0.062636,0,0.10171,0.99481,1.4099,0,0,0,1
1,0,0,0,0,0.99507,-0.099178,-0.062686,0,0.099178,0.99507,1.4152,0,0,0,1
1,0,0,0,0,0.99536,-0.09618,-0.063591,0,0.09618,0.99536,1.4204,0,0,0,1
1,0,0,0,0,0.99451,-0.10469,-0.06423,0,0.10469,0.99451,1.425,0,0,0,1
1,0,0,0,0,0.99426,-0.10696,-0.065301,0,0.10696,0.99426,1.4299,0,0,0,1
1,0,0,0,0,0.99417,-0.10778,-0.066512,0,0.10778,0.99417,1.434,0,0,0,1
1,0,0,0,0,0.99443,-0.10539,-0.067347,0,0.10539,0.99443,1.4377,0,0,0,1
1,0,0,0,0,0.99377,-0.11149,-0.06761,0,0.11149,0.99377,1.442,0,0,0,1
1,0,0,0,0,0.99404,-0.109,-0.068232,0,0.109,0.99404,1.4454,0,0,0,1
1,0,0,0,0,0.99433,-0.10633,-0.069025,0,0.10633,0.99433,1.4492,0,0,0,1
1,0,0,0,0,0.99384,-0.11086,-0.069011,0,0.11086,0.99384,1.4523,0,0,0,1
1,0,0,0,0,0.99409,-0.10853,-0.069918,0,0.10853,0.99409,1.4548,0,0,0,1
1,0,0,0,0,0.99383,-0.11095,-0.070153,0,0.11095,0.99383,1.4578,0,0,0,1
1,0,0,0,0,0.99411,-0.10836,-0.071346,0,0.10836,0.99411,1.46,0,0,0,1
1,0,0,0,0,0.99361,-0.11283,-0.071854,0,0.11283,0.99361,1.4622,0,0,0,1
1,0,0,0,0,0.99341,-0.11458,-0.072243,0,0.11458,0.99341,1.4638,0,0,0,1
1,0,0,0,0,0.9938,-0.11121,-0.072883,0,0.11121,0.9938,1.4669,0,0,0,1
1,0,0,0,0,0.99353,-0.11355,-0.07336,0,0.11355,0.99353,1.4689,0,0,0,1
1,0,0,0,0,0.99331,-0.11549,-0.073508,0,0.11549,0.99331,1.4699,0,0,0,1
1,0,0,0,0,0.99332,-0.11541,-0.074247,0,0.11541,0.99332,1.4713,0,0,0,1
1,0,0,0,0,0.99273,-0.12037,-0.075182,0,0.12037,0.99273,1.4732,0,0,0,1
1,0,0,0,0,0.99293,-0.11869,-0.075098,0,0.11869,0.99293,1.4746,0,0,0,1
1,0,0,0,0,0.99166,-0.12887,-0.076338,0,0.12887,0.99166,1.4765,0,0,0,1
1,0,0,0,0,0.99169,-0.12866,-0.077257,0,0.12866,0.99169,1.4769,0,0,0,1
1,0,0,0,0,0.99099,-0.13394,-0.077588,0,0.13394,0.99099,1.478,0,0,0,1
1,0,0,0,0,0.99107,-0.13335,-0.07756,0,0.13335,0.99107,1.4789,0,0,0,1
1,0,0,0,0,0.99159,-0.12943,-0.078429,0,0.12943,0.99159,1.4792,0,0,0,1
1,0,0,0,0,0.99158,-0.12947,-0.079278,0,0.12947,0.99158,1.4795,0,0,0,1
1,0,0,0,0,0.99117,-0.13259,-0.079627,0,0.13259,0.99117,1.4799,0,0,0,1
1,0,0,0,0,0.99093,-0.13438,-0.079858,0,0.13438,0.99093,1.4799,0,0,0,1
1,0,0,0,0,0.98995,-0.14144,-0.080487,0,0.14144,0.98995,1.4799,0,0,0,1
1,0,0,0,0,0.98943,-0.145,-0.081123,0,0.145,0.98943,1.4794,0,0,0,1
1,0,0,0,0,0.98944,-0.14491,-0.081372,0,0.14491,0.98944,1.4791,0,0,0,1
1,0,0,0,0,0.98912,-0.14711,-0.081659,0,0.14711,0.98912,1.4788,0,0,0,1
1,0,0,0,0,0.98886,-0.14883,-0.082501,0,0.14883,0.98886,1.4775,0,0,0,1
1,0,0,0,0,0.9887,-0.14993,-0.083042,0,0.14993,0.9887,1.4769,0,0,0,1
1,0,0,0,0,0.98751,-0.15753,-0.084087,0,0.15753,0.98751,1.4758,0,0,0,1
1,0,0,0,0,0.98714,-0.15985,-0.084422,0,0.15985,0.98714,1.4746,0,0,0,1
1,0,0,0,0,0.98732,-0.15873,-0.084884,0,0.15873,0.98732,1.4727,0,0,0,1
1,0,0,0,0,0.98775,-0.15603,-0.085187,0,0.15603,0.98775,1.4704,0,0,0,1
1,0,0,0,0,0.98683,-0.16178,-0.085781,0,0.16178,0.98683,1.4682,0,0,0,1
1,0,0,0,0,0.98691,-0.16126,-0.085899,0,0.16126,0.98691,1.4658,0,0,0,1
1,0,0,0,0,0.98696,-0.16095,-0.086481,0,0.16095,0.98696,1.4637,0,0,0,1
1,0,0,0,0,0.98652,-0.16363,-0.087077,0,0.16363,0.98652,1.4611,0,0,0,1
1,0,0,0,0,0.98681,-0.16189,-0.086921,0,0.16189,0.98681,1.4579,0,0,0,1
1,0,0,0,0,0.98531,-0.17078,-0.087991,0,0.17078,0.98531,1.4554,0,0,0,1
1,0,0,0,0,0.98517,-0.17156,-0.088397,0,0.17156,0.98517,1.4527,0,0,0,1
1,0,0,0,0,0.9858,-0.16791,-0.088531,0,0.16791,0.9858,1.4478,0,0,0,1
1,0,0,0,0,0.98568,-0.16863,-0.089106,0,0.16863,0.98568,1.4442,0,0,0,1
1,0,0,0,0,0.98493,-0.17296,-0.089806,0,0.17296,0.98493,1.4411,0,0,0,1
1,0,0,0,0,0.98513,-0.17183,-0.090085,0,0.17183,0.98513,1.4372,0,0,0,1
1,0,0,0,0,0.98429,-0.17656,-0.090915,0,0.17656,0.98429,1.4332,0,0,0,1
1,0,0,0,0,0.98417,-0.17723,-0.091448,0,0.17723,0.98417,1.4296,0,0,0,1
1,0,0,0,0,0.9838,-0.17926,-0.091714,0,0.17926,0.9838,1.4251,0,0,0,1
1,0,0,0,0,0.98548,-0.16979,-0.093026,0,0.16979,0.98548,1.4212,0,0,0,1
1,0,0,0,0,-0.83095,0.55634,-0.4182,0,-0.55634,-0.83095,0.29849,0,0,0,1
1,0,0,0,0,-0.83564,0.54927,-0.41788,0,-0.54927,-0.83564,0.29836,0,0,0,1
1,0,0,0,0,-0.83257,0.55392,-0.41737,0,-0.55392,-0.83257,0.29858,0,0,0,1
1,0,0,0,0,-0.83257,0.55392,-0.41737,0,-0.55392,-0.83257,0.29858,0,0,0,1
1,0,0,0,0,-0.83182,0.55505,-0.41746,0,-0.55505,-0.83182,0.29847,0,0,0,1
1,0,0,0,0,-0.83429,0.55132,-0.41806,0,-0.55132,-0.83429,0.29854,0,0,0,1
1,0,0,0,0,-0.83156,0.55544,-0.41816,0,-0.55544,-0.83156,0.29854,0,0,0,1
1,0,0,0,0,-0.83181,0.55505,-0.41951,0,-0.55505,-0.83181,0.29861,0,0,0,1
1,0,0,0,0,-0.83191,0.55491,-0.4198,0,-0.55491,-0.83191,0.29878,0,0,0,1
1,0,0,0,0,-0.82752,0.56143,-0.42079,0,-0.56143,-0.82752,0.29845,0,0,0,1
1,0,0,0,0,-0.82434,0.5661,-0.42211,0,-0.5661,-0.82434,0.29887,0,0,0,1
1,0,0,0,0,-0.82273,0.56843,-0.42375,0,-0.56843,-0.82273,0.29861,0,0,0,1
1,0,0,0,0,-0.81739,0.57609,-0.42604,0,-0.57609,-0.81739,0.29816,0,0,0,1
1,0,0,0,0,-0.81894,0.57387,-0.42766,0,-0.57387,-0.81894,0.29882,0,0,0,1
1,0,0,0,0,-0.81223,0.58334,-0.43068,0,-0.58334,-0.81223,0.29846,0,0,0,1
1,0,0,0,0,-0.80835,0.5887,-0.43227,0,-0.5887,-0.80835,0.29952,0,0,0,1
1,0,0,0,0,-0.80117,0.59843,-0.4351,0,-0.59843,-0.80117,0.30028,0,0,0,1
1,0,0,0,0,-0.794,0.60792,-0.43891,0,-0.60792,-0.794,0.30129,0,0,0,1
1,0,0,0,0,-0.78128,0.62418,-0.44359,0,-0.62418,-0.78128,0.30133,0,0,0,1
1,0,0,0,0,-0.76973,0.63837,-0.44817,0,-0.63837,-0.76973,0.30262,0,0,0,1
1,0,0,0,0,-0.74836,0.66329,-0.45292,0,-0.66329,-0.74836,0.30344,0,0,0,1
1,0,0,0,0,-0.74006,0.67254,-0.4577,0,-0.67254,-0.74006,0.30295,0,0,0,1
1,0,0,0,0,-0.71599,0.69812,-0.46345,0,-0.69812,-0.71599,0.30454,0,0,0,1
1,0,0,0,0,-0.70078,0.71338,-0.46883,0,-0.71338,-0.70078,0.30506,0,0,0,1
1,0,0,0,0,-0.67597,0.73693,-0.47475,0,-0.73693,-0.67597,0.30684,0,0,0,1
1,0,0,0,0,-0.65224,0.75801,-0.4814,0,-0.75801,-0.65224,0.30683,0,0,0,1
1,0,0,0,0,-0.62406,0.78138,-0.48736,0,-0.78138,-0.62406,0.30796,0,0,0,1
1,0,0,0,0,-0.59401,0.80446,-0.49416,0,-0.80446,-0.59401,0.30934,0,0,0,1
1,0,0,0,0,-0.56513,0.825,-0.50145,0,-0.825,-0.56513,0.30951,0,0,0,1
1,0,0,0,0,-0.53595,0.84425,-0.50782,0,-0.84425,-0.53595,0.31144,0,0,0,1
1,0,0,0,0,-0.49695,0.86778,-0.51409,0,-0.86778,-0.49695,0.31348,0,0,0,1
1,0,0,0,0,-0.44857,0.89375,-0.52113,0,-0.89375,-0.44857,0.31566,0,0,0,1
1,0,0,0,0,-0.41075,0.91175,-0.52663,0,-0.91175,-0.41075,0.31761,0,0,0,1
1,0,0,0,0,-0.37154,0.92842,-0.53273,0,-0.92842,-0.37154,0.32134,0,0,0,1
1,0,0,0,0,-0.33054,0.94379,-0.5375,0,-0.94379,-0.33054,0.32542,0,0,0,1
1,0,0,0,0,-0.27988,0.96003,-0.54214,0,-0.96003,-0.27988,0.33058,0,0,0,1
1,0,0,0,0,-0.24314,0.96999,-0.54681,0,-0.96999,-0.24314,0.33551,0,0,0,1
1,0,0,0,0,-0.20837,0.97805,-0.55053,0,-0.97805,-0.20837,0.3431,0,0,0,1
1,0,0,0,0,-0.15849,0.98736,-0.55435,0,-0.98736,-0.15849,0.34894,0,0,0,1
1,0,0,0,0,-0.12947,0.99158,-0.55663,0,-0.99158,-0.12947,0.35824,0,0,0,1
1,0,0,0,0,-0.095687,0.99541,-0.5591,0,-0.99541,-0.095687,0.36564,0,0,0,1
1,0,0,0,0,-0.056249,0.99842,-0.56073,0,-0.99842,-0.056249,0.37477,0,0,0,1
1,0,0,0,0,-0.011014,0.99994,-0.56238,0,-0.99994,-0.011014,0.38502,0,0,0,1
1,0,0,0,0,0.019781,0.9998,-0.56277,0,-0.9998,0.019781,0.39504,0,0,0,1
1,0,0,0,0,0.053867,0.99855,-0.56351,0,-0.99855,0.053867,0.40588,0,0,0,1
1,0,0,0,0,0.095829,0.9954,-0.56384,0,-0.9954,0.095829,0.41575,0,0,0,1
1,0,0,0,0,0.12921,0.99162,-0.5636,0,-0.99162,0.12921,0.42716,0,0,0,1
1,0,0,0,0,0.16428,0.98641,-0.56323,0,-0.98641,0.16428,0.43847,0,0,0,1
1,0,0,0,0,0.19872,0.98006,-0.56278,0,-0.98006,0.19872,0.44995,0,0,0,1
1,0,0,0,0,0.23186,0.97275,-0.56173,0,-0.97275,0.23186,0.46182,0,0,0,1
1,0,0,0,0,0.26702,0.96369,-0.5606,0,-0.96369,0.26702,0.47336,0,0,0,1
1,0,0,0,0,0.29889,0.95429,-0.55947,0,-0.95429,0.29889,0.48505,0,0,0,1
1,0,0,0,0,0.3304,0.94384,-0.55787,0,-0.94384,0.3304,0.49733,0,0,0,1
1,0,0,0,0,0.35949,0.93315,-0.55527,0,-0.93315,0.35949,0.50973,0,0,0,1
1,0,0,0,0,0.39138,0.92023,-0.55313,0,-0.92023,0.39138,0.52163,0,0,0,1
1,0,0,0,0,0.41636,0.9092,-0.55058,0,-0.9092,0.41636,0.534,0,0,0,1
1,0,0,0,0,0.44735,0.89436,-0.54814,0,-0.89436,0.44735,0.54676,0,0,0,1
1,0,0,0,0,0.47242,0.88137,-0.54563,0,-0.88137,0.47242,0.55939,0,0,0,1
1,0,0,0,0,0.50964,0.86039,-0.54226,0,-0.86039,0.50964,0.57106,0,0,0,1
1,0,0,0,0,0.5299,0.84806,-0.53883,0,-0.84806,0.5299,0.58382,0,0,0,1
1,0,0,0,0,0.55356,0.83281,-0.536,0,-0.83281,0.55356,0.59642,0,0,0,1
1,0,0,0,0,0.57899,0.81533,-0.53197,0,-0.81533,0.57899,0.60796,0,0,0,1
1,0,0,0,0,0.60176,0.79868,-0.52842,0,-0.79868,0.60176,0.6202,0,0,0,1
1,0,0,0,0,0.63154,0.77535,-0.52441,0,-0.77535,0.63154,0.63309,0,0,0,1
1,0,0,0,0,0.64936,0.76048,-0.51991,0,-0.76048,0.64936,0.6448,0,0,0,1
1,0,0,0,0,0.67999,0.73322,-0.51583,0,-0.73322,0.67999,0.65642,0,0,0,1
