1,0,0,0,0,0.97718,0.21241,0.47867,0,-0.21241,0.97718,0.2999,0,0,0,1
1,0,0,0,0,0.97342,0.22902,0.47996,0,-0.22902,0.97342,0.29874,0,0,0,1
1,0,0,0,0,0.97297,0.23091,0.47969,0,-0.23091,0.97297,0.29843,0,0,0,1
1,0,0,0,0,0.97424,0.22551,0.48017,0,-0.22551,0.97424,0.29873,0,0,0,1
1,0,0,0,0,0.97426,0.22545,0.48011,0,-0.22545,0.97426,0.29848,0,0,0,1
1,0,0,0,0,0.97388,0.22708,0.47998,0,-0.22708,0.97388,0.29859,0,0,0,1
1,0,0,0,0,0.97386,0.22714,0.48004,0,-0.22714,0.97386,0.29884,0,0,0,1
1,0,0,0,0,0.97325,0.22975,0.48044,0,-0.22975,0.97325,0.29842,0,0,0,1
1,0,0,0,0,0.97357,0.2284,0.48066,0,-0.2284,0.97357,0.29876,0,0,0,1
1,0,0,0,0,0.9743,0.22524,0.48183,0,-0.22524,0.9743,0.29891,0,0,0,1
1,0,0,0,0,0.97482,0.22299,0.48256,0,-0.22299,0.97482,0.29876,0,0,0,1
1,0,0,0,0,0.97297,0.23091,0.48481,0,-0.23091,0.97297,0.29874,0,0,0,1
1,0,0,0,0,0.97467,0.22364,0.4851,0,-0.22364,0.97467,0.29851,0,0,0,1
1,0,0,0,0,0.97233,0.23362,0.48619,0,-0.23362,0.97233,0.29834,0,0,0,1
1,0,0,0,0,0.97125,0.23807,0.48745,0,-0.23807,0.97125,0.29796,0,0,0,1
1,0,0,0,0,0.96744,0.25308,0.49013,0,-0.25308,0.96744,0.29802,0,0,0,1
1,0,0,0,0,0.966,0.25853,0.4926,0,-0.25853,0.966,0.29766,0,0,0,1
1,0,0,0,0,0.9637,0.26697,0.49506,0,-0.26697,0.9637,0.29748,0,0,0,1
1,0,0,0,0,0.9604,0.27863,0.49785,0,-0.27863,0.9604,0.29675,0,0,0,1
1,0,0,0,0,0.96128,0.27557,0.50026,0,-0.27557,0.96128,0.29631,0,0,0,1
1,0,0,0,0,0.9562,0.2927,0.50411,0,-0.2927,0.9562,0.2958,0,0,0,1
1,0,0,0,0,0.95135,0.30811,0.5084,0,-0.30811,0.95135,0.29534,0,0,0,1
1,0,0,0,0,0.94794,0.31845,0.51249,0,-0.31845,0.94794,0.29408,0,0,0,1
1,0,0,0,0,0.93854,0.34517,0.51731,0,-0.34517,0.93854,0.29243,0,0,0,1
1,0,0,0,0,0.93332,0.35905,0.52154,0,-0.35905,0.93332,0.29153,0,0,0,1
1,0,0,0,0,0.92676,0.37564,0.52659,0,-0.37564,0.92676,0.28964,0,0,0,1
1,0,0,0,0,0.91721,0.3984,0.53235,0,-0.3984,0.91721,0.288,0,0,0,1
1,0,0,0,0,0.90712,0.42087,0.53857,0,-0.42087,0.90712,0.28575,0,0,0,1
1,0,0,0,0,0.89651,0.44302,0.54313,0,-0.44302,0.89651,0.28346,0,0,0,1
1,0,0,0,0,0.88684,0.46208,0.54894,0,-0.46208,0.88684,0.2808,0,0,0,1
1,0,0,0,0,0.87476,0.48456,0.55505,0,-0.48456,0.87476,0.27782,0,0,0,1
1,0,0,0,0,0.86402,0.50346,0.56001,0,-0.50346,0.86402,0.27511,0,0,0,1
1,0,0,0,0,0.85301,0.5219,0.56426,0,-0.5219,0.85301,0.27306,0,0,0,1
1,0,0,0,0,0.84175,0.53987,0.5693,0,-0.53987,0.84175,0.26995,0,0,0,1
1,0,0,0,0,0.82788,0.56091,0.57396,0,-0.56091,0.82788,0.26733,0,0,0,1
1,0,0,0,0,0.81947,0.57313,0.57819,0,-0.57313,0.81947,0.26464,0,0,0,1
1,0,0,0,0,0.80876,0.58813,0.58209,0,-0.58813,0.80876,0.26241,0,0,0,1
1,0,0,0,0,0.79755,0.60325,0.58583,0,-0.60325,0.79755,0.25974,0,0,0,1
1,0,0,0,0,0.78684,0.61716,0.58815,0,-0.61716,0.78684,0.25803,0,0,0,1
1,0,0,0,0,0.78438,0.62028,0.59034,0,-0.62028,0.78438,0.25644,0,0,0,1
1,0,0,0,0,0.77741,0.62899,0.59263,0,-0.62899,0.77741,0.25463,0,0,0,1
1,0,0,0,0,0.77676,0.6298,0.59424,0,-0.6298,0.77676,0.2543,0,0,0,1
1,0,0,0,0,0.77076,0.63712,0.5953,0,-0.63712,0.77076,0.25412,0,0,0,1
1,0,0,0,0,0.76159,0.64806,0.59607,0,-0.64806,0.76159,0.25238,0,0,0,1
1,0,0,0,0,0.76086,0.64892,0.59659,0,-0.64892,0.76086,0.25269,0,0,0,1
1,0,0,0,0,0.76156,0.6481,0.59629,0,-0.6481,0.76156,0.25277,0,0,0,1
1,0,0,0,0,0.75997,0.64996,0.59681,0,-0.64996,0.75997,0.25214,0,0,0,1
1,0,0,0,0,0.76055,0.64928,0.59627,0,-0.64928,0.76055,0.25238,0,0,0,1
1,0,0,0,0,0.76055,0.64928,0.59627,0,-0.64928,0.76055,0.25238,0,0,0,1
1,0,0,0,0,0.76922,0.63899,0.59519,0,-0.63899,0.76922,0.25367,0,0,0,1
1,0,0,0,0,0.77531,0.63158,0.59411,0,-0.63158,0.77531,0.2544,0,0,0,1
1,0,0,0,0,0.77886,0.6272,0.5934,0,-0.6272,0.77886,0.2546,0,0,0,1
1,0,0,0,0,0.77855,0.62758,0.59213,0,-0.62758,0.77855,0.25596,0,0,0,1
1,0,0,0,0,0.77739,0.62902,0.59024,0,-0.62902,0.77739,0.25703,0,0,0,1
1,0,0,0,0,0.7872,0.61669,0.58889,0,-0.61669,0.7872,0.25839,0,0,0,1
1,0,0,0,0,0.79073,0.61217,0.58752,0,-0.61217,0.79073,0.25921,0,0,0,1
1,0,0,0,0,0.79872,0.6017,0.58599,0,-0.6017,0.79872,0.26018,0,0,0,1
1,0,0,0,0,0.80023,0.59969,0.58433,0,-0.59969,0.80023,0.26217,0,0,0,1
1,0,0,0,0,0.80942,0.58724,0.58226,0,-0.58724,0.80942,0.26303,0,0,0,1
1,0,0,0,0,0.81119,0.58478,0.57975,0,-0.58478,0.81119,0.26485,0,0,0,1
1,0,0,0,0,0.82319,0.56777,0.57659,0,-0.56777,0.82319,0.26659,0,0,0,1
1,0,0,0,0,0.8285,0.55998,0.57424,0,-0.55998,0.8285,0.26793,0,0,0,1
1,0,0,0,0,0.83685,0.54743,0.5714,0,-0.54743,0.83685,0.26948,0,0,0,1
1,0,0,0,0,0.8443,0.53587,0.56751,0,-0.53587,0.8443,0.27231,0,0,0,1
1,0,0,0,0,0.85145,0.52443,0.56462,0,-0.52443,0.85145,0.2731,0,0,0,1
1,0,0,0,0,0.85883,0.51226,0.56097,0,-0.51226,0.85883,0.2749,0,0,0,1
1,0,0,0,0,0.86615,0.49979,0.55811,0,-0.49979,0.86615,0.27637,0,0,0,1
1,0,0,0,0,0.8729,0.48791,0.55478,0,-0.48791,0.8729,0.27846,0,0,0,1
1,0,0,0,0,0.88028,0.47446,0.55128,0,-0.47446,0.88028,0.2797,0,0,0,1
1,0,0,0,0,0.89035,0.45528,0.54761,0,-0.45528,0.89035,0.28164,0,0,0,1
1,0,0,0,0,0.89848,0.43901,0.54291,0,-0.43901,0.89848,0.28397,0,0,0,1
1,0,0,0,0,0.90656,0.42208,0.53944,0,-0.42208,0.90656,0.28475,0,0,0,1
1,0,0,0,0,0.91635,0.40038,0.53527,0,-0.40038,0.91635,0.28743,0,0,0,1
1,0,0,0,0,0.92143,0.38854,0.53023,0,-0.38854,0.92143,0.28939,0,0,0,1
1,0,0,0,0,0.93164,0.36338,0.52663,0,-0.36338,0.93164,0.29118,0,0,0,1
1,0,0,0,0,0.9387,0.34473,0.52144,0,-0.34473,0.9387,0.29325,0,0,0,1
1,0,0,0,0,0.94549,0.32566,0.51837,0,-0.32566,0.94549,0.29376,0,0,0,1
1,0,0,0,0,0.95113,0.30879,0.51358,0,-0.30879,0.95113,0.29664,0,0,0,1
1,0,0,0,0,0.95697,0.29017,0.51019,0,-0.29017,0.95697,0.2989,0,0,0,1
1,0,0,0,0,0.96582,0.25923,0.50421,0,-0.25923,0.96582,0.30062,0,0,0,1
1,0,0,0,0,0.97096,0.23924,0.49981,0,-0.23924,0.97096,0.30265,0,0,0,1
1,0,0,0,0,0.97836,0.20691,0.49531,0,-0.20691,0.97836,0.30436,0,0,0,1
1,0,0,0,0,0.98327,0.18216,0.49093,0,-0.18216,0.98327,0.30733,0,0,0,1
1,0,0,0,0,0.98649,0.16382,0.4862,0,-0.16382,0.98649,0.30961,0,0,0,1
1,0,0,0,0,0.99131,0.13154,0.48089,0,-0.13154,0.99131,0.31232,0,0,0,1
1,0,0,0,0,0.99398,0.10953,0.47537,0,-0.10953,0.99398,0.31499,0,0,0,1
1,0,0,0,0,0.9966,0.082379,0.4699,0,-0.082379,0.9966,0.31793,0,0,0,1
1,0,0,0,0,0.99837,0.057156,0.46594,0,-0.057156,0.99837,0.32107,0,0,0,1
1,0,0,0,0,0.9996,0.028343,0.46092,0,-0.028343,0.9996,0.32425,0,0,0,1
1,0,0,0,0,1,-0.0010939,0.45556,0,0.0010939,1,0.32796,0,0,0,1
1,0,0,0,0,0.99972,-0.023609,0.44988,0,0.023609,0.99972,0.33154,0,0,0,1
1,0,0,0,0,0.99835,-0.05735,0.44476,0,0.05735,0.99835,0.33556,0,0,0,1
1,0,0,0,0,0.99688,-0.078878,0.43859,0,0.078878,0.99688,0.33913,0,0,0,1
1,0,0,0,0,0.99534,-0.096404,0.43301,0,0.096404,0.99534,0.34461,0,0,0,1
1,0,0,0,0,0.99237,-0.12327,0.42766,0,0.12327,0.99237,0.34839,0,0,0,1
1,0,0,0,0,0.99021,-0.13961,0.42136,0,0.13961,0.99021,0.35294,0,0,0,1
1,0,0,0,0,0.98729,-0.15896,0.41618,0,0.15896,0.98729,0.35719,0,0,0,1
1,0,0,0,0,0.98378,-0.17937,0.41094,0,0.17937,0.98378,0.36227,0,0,0,1
1,0,0,0,0,0.97987,-0.19965,0.40547,0,0.19965,0.97987,0.36703,0,0,0,1
1,0,0,0,0,0.97562,-0.21946,0.39901,0,0.21946,0.97562,0.37221,0,0,0,1
1,0,0,0,0,0.97465,-0.22376,0.39285,0,0.22376,0.97465,0.37697,0,0,0,1
1,0,0,0,0,0.97228,-0.23383,0.388,0,0.23383,0.97228,0.38102,0,0,0,1
1,0,0,0,0,0.97064,-0.24055,0.38185,0,0.24055,0.97064,0.38521,0,0,0,1
1,0,0,0,0,0.96844,-0.24925,0.37686,0,0.24925,0.96844,0.39007,0,0,0,1
1,0,0,0,0,0.96766,-0.25224,0.37071,0,0.25224,0.96766,0.39421,0,0,0,1
1,0,0,0,0,0.96875,-0.24804,0.36536,0,0.24804,0.96875,0.39852,0,0,0,1
1,0,0,0,0,0.96978,-0.244,0.35961,0,0.244,0.96978,0.40234,0,0,0,1
1,0,0,0,0,0.96982,-0.24381,0.35325,0,0.24381,0.96982,0.40515,0,0,0,1
1,0,0,0,0,0.9718,-0.2358,0.34747,0,0.2358,0.9718,0.40859,0,0,0,1
1,0,0,0,0,0.97341,-0.22906,0.34209,0,0.22906,0.97341,0.41133,0,0,0,1
1,0,0,0,0,0.97591,-0.21817,0.33631,0,0.21817,0.97591,0.41425,0,0,0,1
1,0,0,0,0,0.97946,-0.20162,0.33119,0,0.20162,0.97946,0.41705,0,0,0,1
1,0,0,0,0,0.98101,-0.19397,0.32501,0,0.19397,0.98101,0.42048,0,0,0,1
1,0,0,0,0,0.98502,-0.17247,0.32054,0,0.17247,0.98502,0.42274,0,0,0,1
1,0,0,0,0,0.98886,-0.14884,0.31606,0,0.14884,0.98886,0.42523,0,0,0,1
1,0,0,0,0,0.99075,-0.1357,0.30924,0,0.1357,0.99075,0.42591,0,0,0,1
1,0,0,0,0,0.99366,-0.11245,0.30364,0,0.11245,0.99366,0.42904,0,0,0,1
1,0,0,0,0,0.99554,-0.094293,0.29876,0,0.094293,0.99554,0.43098,0,0,0,1
1,0,0,0,0,0.99747,-0.071103,0.29348,0,0.071103,0.99747,0.4331,0,0,0,1
1,0,0,0,0,0.99848,-0.055193,0.28728,0,0.055193,0.99848,0.43542,0,0,0,1
1,0,0,0,0,0.99955,-0.029906,0.28153,0,0.029906,0.99955,0.43667,0,0,0,1
1,0,0,0,0,0.99988,-0.015547,0.27697,0,0.015547,0.99988,0.43848,0,0,0,1
1,0,0,0,0,0.99998,0.0062334,0.27103,0,-0.0062334,0.99998,0.44043,0,0,0,1
1,0,0,0,0,0.99978,0.021187,0.26427,0,-0.021187,0.99978,0.44137,0,0,0,1
1,0,0,0,0,0.9989,0.046947,0.25958,0,-0.046947,0.9989,0.44339,0,0,0,1
1,0,0,0,0,0.9978,0.066369,0.25491,0,-0.066369,0.9978,0.44443,0,0,0,1
1,0,0,0,0,0.99617,0.087459,0.24873,0,-0.087459,0.99617,0.44589,0,0,0,1
1,0,0,0,0,0.99373,0.11183,0.24352,0,-0.11183,0.99373,0.44711,0,0,0,1
1,0,0,0,0,0.99162,0.1292,0.23817,0,-0.1292,0.99162,0.44941,0,0,0,1
1,0,0,0,0,0.98877,0.14944,0.2335,0,-0.14944,0.98877,0.45016,0,0,0,1
1,0,0,0,0,0.98593,0.16714,0.22803,0,-0.16714,0.98593,0.45094,0,0,0,1
1,0,0,0,0,0.98105,0.19378,0.22333,0,-0.19378,0.98105,0.45221,0,0,0,1
1,0,0,0,0,0.97816,0.20787,0.21867,0,-0.20787,0.97816,0.45332,0,0,0,1
1,0,0,0,0,0.9724,0.23333,0.21289,0,-0.23333,0.9724,0.45446,0,0,0,1
1,0,0,0,0,0.96635,0.25725,0.20931,0,-0.25725,0.96635,0.45549,0,0,0,1
1,0,0,0,0,0.9629,0.26985,0.20454,0,-0.26985,0.9629,0.45629,0,0,0,1
1,0,0,0,0,0.95615,0.29286,0.20093,0,-0.29286,0.95615,0.45662,0,0,0,1
1,0,0,0,0,0.95057,0.31052,0.19592,0,-0.31052,0.95057,0.45751,0,0,0,1
1,0,0,0,0,0.94283,0.33327,0.19156,0,-0.33327,0.94283,0.45761,0,0,0,1
1,0,0,0,0,0.93735,0.34839,0.18627,0,-0.34839,0.93735,0.45917,0,0,0,1
1,0,0,0,0,0.9293,0.36932,0.18246,0,-0.36932,0.9293,0.45885,0,0,0,1
1,0,0,0,0,0.92237,0.3863,0.17816,0,-0.3863,0.92237,0.45957,0,0,0,1
1,0,0,0,0,0.91682,0.39931,0.17381,0,-0.39931,0.91682,0.46011,0,0,0,1
1,0,0,0,0,0.90467,0.42611,0.17,0,-0.42611,0.90467,0.46047,0,0,0,1
1,0,0,0,0,0.89647,0.44311,0.16591,0,-0.44311,0.89647,0.46071,0,0,0,1
1,0,0,0,0,0.88801,0.45982,0.16209,0,-0.45982,0.88801,0.46117,0,0,0,1
1,0,0,0,0,0.88053,0.47398,0.15872,0,-0.47398,0.88053,0.46134,0,0,0,1
1,0,0,0,0,0.8728,0.48808,0.1556,0,-0.48808,0.8728,0.46124,0,0,0,1
1,0,0,0,0,0.86449,0.50266,0.1512,0,-0.50266,0.86449,0.46135,0,0,0,1
1,0,0,0,0,0.85571,0.51745,0.14769,0,-0.51745,0.85571,0.46145,0,0,0,1
1,0,0,0,0,0.84129,0.54059,0.14378,0,-0.54059,0.84129,0.46169,0,0,0,1
1,0,0,0,0,0.82916,0.55901,0.14006,0,-0.55901,0.82916,0.46185,0,0,0,1
1,0,0,0,0,0.82008,0.57225,0.13679,0,-0.57225,0.82008,0.46179,0,0,0,1
1,0,0,0,0,0.80415,0.59442,0.13524,0,-0.59442,0.80415,0.46135,0,0,0,1
1,0,0,0,0,0.79888,0.6015,0.13104,0,-0.6015,0.79888,0.46121,0,0,0,1
1,0,0,0,0,0.78564,0.61869,0.12834,0,-0.61869,0.78564,0.46141,0,0,0,1
1,0,0,0,0,0.77046,0.63749,0.12585,0,-0.63749,0.77046,0.46055,0,0,0,1
1,0,0,0,0,0.75958,0.65041,0.12335,0,-0.65041,0.75958,0.46083,0,0,0,1
1,0,0,0,0,0.75058,0.66078,0.12196,0,-0.66078,0.75058,0.46097,0,0,0,1
1,0,0,0,0,0.74302,0.66927,0.1221,0,-0.66927,0.74302,0.46085,0,0,0,1
1,0,0,0,0,0.73589,0.6771,0.12282,0,-0.6771,0.73589,0.46107,0,0,0,1
1,0,0,0,0,0.73038,0.68304,0.12306,0,-0.68304,0.73038,0.46102,0,0,0,1
1,0,0,0,0,0.71714,0.69693,0.12421,0,-0.69693,0.71714,0.46046,0,0,0,1
1,0,0,0,0,0.70087,0.71329,0.12336,0,-0.71329,0.70087,0.46215,0,0,0,1
1,0,0,0,0,0.69526,0.71876,0.12426,0,-0.71876,0.69526,0.46183,0,0,0,1
1,0,0,0,0,0.69513,0.71889,0.1251,0,-0.71889,0.69513,0.46185,0,0,0,1
1,0,0,0,0,0.68584,0.72776,0.12509,0,-0.72776,0.68584,0.4619,0,0,0,1
1,0,0,0,0,0.67255,0.74005,0.12623,0,-0.74005,0.67255,0.46145,0,0,0,1
1,0,0,0,0,0.66441,0.74737,0.12695,0,-0.74737,0.66441,0.46091,0,0,0,1
1,0,0,0,0,-0.85357,-0.52098,0.40539,0,0.52098,-0.85357,0.31681,0,0,0,1
1,0,0,0,0,-0.84851,-0.52917,0.40704,0,0.52917,-0.84851,0.31607,0,0,0,1
1,0,0,0,0,-0.84851,-0.52917,0.40704,0,0.52917,-0.84851,0.31607,0,0,0,1
1,0,0,0,0,-0.84903,-0.52835,0.40702,0,0.52835,-0.84903,0.31622,0,0,0,1
1,0,0,0,0,-0.84903,-0.52835,0.40702,0,0.52835,-0.84903,0.31622,0,0,0,1
1,0,0,0,0,-0.8473,-0.53112,0.40666,0,0.53112,-0.8473,0.31589,0,0,0,1
1,0,0,0,0,-0.84851,-0.52917,0.40704,0,0.52917,-0.84851,0.31607,0,0,0,1
1,0,0,0,0,-0.84742,-0.53093,0.4082,0,0.53093,-0.84742,0.31575,0,0,0,1
1,0,0,0,0,-0.84665,-0.53215,0.40827,0,0.53215,-0.84665,0.31562,0,0,0,1
1,0,0,0,0,-0.85335,-0.52134,0.4088,0,0.52134,-0.85335,0.31524,0,0,0,1
1,0,0,0,0,-0.85424,-0.51988,0.40947,0,0.51988,-0.85424,0.3163,0,0,0,1
1,0,0,0,0,-0.85235,-0.52297,0.41001,0,0.52297,-0.85235,0.31661,0,0,0,1
1,0,0,0,0,-0.84923,-0.52802,0.41126,0,0.52802,-0.84923,0.31659,0,0,0,1
1,0,0,0,0,-0.84344,-0.53722,0.4132,0,0.53722,-0.84344,0.31643,0,0,0,1
1,0,0,0,0,-0.84328,-0.53748,0.41451,0,0.53748,-0.84328,0.31628,0,0,0,1
1,0,0,0,0,-0.83491,-0.55038,0.41707,0,0.55038,-0.83491,0.31622,0,0,0,1
1,0,0,0,0,-0.83219,-0.5545,0.41933,0,0.5545,-0.83219,0.31732,0,0,0,1
1,0,0,0,0,-0.82246,-0.56883,0.42218,0,0.56883,-0.82246,0.31787,0,0,0,1
1,0,0,0,0,-0.82044,-0.57173,0.42513,0,0.57173,-0.82044,0.31862,0,0,0,1
1,0,0,0,0,-0.81404,-0.58081,0.42731,0,0.58081,-0.81404,0.31943,0,0,0,1
1,0,0,0,0,-0.79985,-0.60019,0.4311,0,0.60019,-0.79985,0.32057,0,0,0,1
1,0,0,0,0,-0.79283,-0.60944,0.43502,0,0.60944,-0.79283,0.32136,0,0,0,1
1,0,0,0,0,-0.77623,-0.63045,0.43931,0,0.63045,-0.77623,0.32238,0,0,0,1
1,0,0,0,0,-0.76499,-0.64404,0.44318,0,0.64404,-0.76499,0.32345,0,0,0,1
1,0,0,0,0,-0.75651,-0.65398,0.4473,0,0.65398,-0.75651,0.32515,0,0,0,1
1,0,0,0,0,-0.7362,-0.67676,0.45236,0,0.67676,-0.7362,0.32608,0,0,0,1
1,0,0,0,0,-0.71797,-0.69608,0.45732,0,0.69608,-0.71797,0.32795,0,0,0,1
1,0,0,0,0,-0.69247,-0.72145,0.4629,0,0.72145,-0.69247,0.3279,0,0,0,1
1,0,0,0,0,-0.66953,-0.74278,0.4685,0,0.74278,-0.66953,0.3294,0,0,0,1
1,0,0,0,0,-0.6505,-0.75951,0.47412,0,0.75951,-0.6505,0.33145,0,0,0,1
1,0,0,0,0,-0.62059,-0.78414,0.479,0,0.78414,-0.62059,0.33313,0,0,0,1
1,0,0,0,0,-0.58974,-0.80759,0.48518,0,0.80759,-0.58974,0.33432,0,0,0,1
1,0,0,0,0,-0.55505,-0.83182,0.48939,0,0.83182,-0.55505,0.33656,0,0,0,1
1,0,0,0,0,-0.53284,-0.84621,0.49424,0,0.84621,-0.53284,0.33986,0,0,0,1
1,0,0,0,0,-0.49949,-0.86632,0.49894,0,0.86632,-0.49949,0.34281,0,0,0,1
1,0,0,0,0,-0.46267,-0.88653,0.50248,0,0.88653,-0.46267,0.34735,0,0,0,1
1,0,0,0,0,-0.42244,-0.90639,0.50611,0,0.90639,-0.42244,0.35107,0,0,0,1
1,0,0,0,0,-0.39403,-0.9191,0.50944,0,0.9191,-0.39403,0.35608,0,0,0,1
1,0,0,0,0,-0.35264,-0.93576,0.51203,0,0.93576,-0.35264,0.36115,0,0,0,1
1,0,0,0,0,-0.32584,-0.94543,0.5141,0,0.94543,-0.32584,0.36763,0,0,0,1
1,0,0,0,0,-0.28607,-0.95821,0.51634,0,0.95821,-0.28607,0.37341,0,0,0,1
1,0,0,0,0,-0.24815,-0.96872,0.51734,0,0.96872,-0.24815,0.38085,0,0,0,1
1,0,0,0,0,-0.21458,-0.97671,0.51855,0,0.97671,-0.21458,0.3885,0,0,0,1
1,0,0,0,0,-0.18261,-0.98318,0.5196,0,0.98318,-0.18261,0.39685,0,0,0,1
1,0,0,0,0,-0.14922,-0.9888,0.52075,0,0.9888,-0.14922,0.40614,0,0,0,1
1,0,0,0,0,-0.11199,-0.99371,0.52035,0,0.99371,-0.11199,0.41465,0,0,0,1
1,0,0,0,0,-0.080883,-0.99672,0.52015,0,0.99672,-0.080883,0.42354,0,0,0,1
1,0,0,0,0,-0.047778,-0.99886,0.52019,0,0.99886,-0.047778,0.43227,0,0,0,1
1,0,0,0,0,-0.0087328,-0.99996,0.51962,0,0.99996,-0.0087328,0.44225,0,0,0,1
1,0,0,0,0,0.029593,-0.99956,0.51874,0,0.99956,0.029593,0.45284,0,0,0,1
1,0,0,0,0,0.057514,-0.99834,0.51785,0,0.99834,0.057514,0.46218,0,0,0,1
1,0,0,0,0,0.086953,-0.99621,0.51675,0,0.99621,0.086953,0.47244,0,0,0,1
1,0,0,0,0,0.12804,-0.99177,0.5158,0,0.99177,0.12804,0.48261,0,0,0,1
1,0,0,0,0,0.1552,-0.98788,0.51289,0,0.98788,0.1552,0.49398,0,0,0,1
1,0,0,0,0,0.17845,-0.98395,0.51181,0,0.98395,0.17845,0.5047,0,0,0,1
1,0,0,0,0,0.22381,-0.97463,0.5095,0,0.97463,0.22381,0.51527,0,0,0,1
1,0,0,0,0,0.25613,-0.96664,0.507,0,0.96664,0.25613,0.52568,0,0,0,1
1,0,0,0,0,0.27916,-0.96024,0.50426,0,0.96024,0.27916,0.53683,0,0,0,1
1,0,0,0,0,0.31022,-0.95066,0.50203,0,0.95066,0.31022,0.54664,0,0,0,1
1,0,0,0,0,0.34249,-0.93952,0.49881,0,0.93952,0.34249,0.55858,0,0,0,1
1,0,0,0,0,0.364,-0.9314,0.49567,0,0.9314,0.364,0.56872,0,0,0,1
1,0,0,0,0,0.395,-0.91868,0.49285,0,0.91868,0.395,0.57946,0,0,0,1
1,0,0,0,0,0.42203,-0.90658,0.48956,0,0.90658,0.42203,0.59029,0,0,0,1
1,0,0,0,0,0.44722,-0.89442,0.48639,0,0.89442,0.44722,0.60165,0,0,0,1
1,0,0,0,0,0.47162,-0.8818,0.48267,0,0.8818,0.47162,0.61182,0,0,0,1
1,0,0,0,0,0.48709,-0.87335,0.47873,0,0.87335,0.48709,0.62238,0,0,0,1
1,0,0,0,0,0.52099,-0.85356,0.47495,0,0.85356,0.52099,0.63226,0,0,0,1
1,0,0,0,0,0.54477,-0.83858,0.47093,0,0.83858,0.54477,0.64371,0,0,0,1
1,0,0,0,0,0.56556,-0.82471,0.46716,0,0.82471,0.56556,0.65305,0,0,0,1
1,0,0,0,0,0.58773,-0.80906,0.46284,0,0.80906,0.58773,0.66338,0,0,0,1
1,0,0,0,0,0.6034,-0.79744,0.45822,0,0.79744,0.6034,0.6725,0,0,0,1
1,0,0,0,0,0.62712,-0.77892,0.45375,0,0.77892,0.62712,0.68242,0,0,0,1
1,0,0,0,0,0.64926,-0.76057,0.44839,0,0.76057,0.64926,0.69191,0,0,0,1
1,0,0,0,0,0.65838,-0.75268,0.44449,0,0.75268,0.65838,0.70097,0,0,0,1
1,0,0,0,0,0.67678,-0.73619,0.4382,0,0.73619,0.67678,0.71044,0,0,0,1
1,0,0,0,0,0.70131,-0.71285,0.43322,0,0.71285,0.70131,0.71952,0,0,0,1
1,0,0,0,0,0.72353,-0.6903,0.42794,0,0.6903,0.72353,0.72909,0,0,0,1
1,0,0,0,0,0.73713,-0.67575,0.42326,0,0.67575,0.73713,0.73764,0,0,0,1
1,0,0,0,0,0.76172,-0.64791,0.41721,0,0.64791,0.76172,0.74726,0,0,0,1
1,0,0,0,0,0.77068,-0.63723,0.41095,0,0.63723,0.77068,0.75634,0,0,0,1
1,0,0,0,0,0.78273,-0.62237,0.40556,0,0.62237,0.78273,0.76448,0,0,0,1
1,0,0,0,0,0.80312,-0.59582,0.3997,0,0.59582,0.80312,0.77227,0,0,0,1
1,0,0,0,0,0.81938,-0.57325,0.39322,0,0.57325,0.81938,0.7816,0,0,0,1
1,0,0,0,0,0.83129,-0.55583,0.38774,0,0.55583,0.83129,0.78889,0,0,0,1
1,0,0,0,0,0.8474,-0.53096,0.3822,0,0.53096,0.8474,0.79733,0,0,0,1
1,0,0,0,0,0.86295,-0.50528,0.37497,0,0.50528,0.86295,0.80536,0,0,0,1
1,0,0,0,0,0.87101,-0.49126,0.36879,0,0.49126,0.87101,0.81234,0,0,0,1
1,0,0,0,0,0.88704,-0.4617,0.36186,0,0.4617,0.88704,0.82035,0,0,0,1
1,0,0,0,0,0.90035,-0.43517,0.3564,0,0.43517,0.90035,0.82769,0,0,0,1
1,0,0,0,0,0.90763,-0.41977,0.34886,0,0.41977,0.90763,0.83517,0,0,0,1
1,0,0,0,0,0.91433,-0.40498,0.34331,0,0.40498,0.91433,0.84222,0,0,0,1
1,0,0,0,0,0.92477,-0.38052,0.33383,0,0.38052,0.92477,0.84939,0,0,0,1
1,0,0,0,0,0.93466,-0.35553,0.33051,0,0.35553,0.93466,0.85562,0,0,0,1
1,0,0,0,0,0.94206,-0.33543,0.32247,0,0.33543,0.94206,0.86249,0,0,0,1
1,0,0,0,0,0.94926,-0.31448,0.31614,0,0.31448,0.94926,0.86866,0,0,0,1
1,0,0,0,0,0.95475,-0.29741,0.30904,0,0.29741,0.95475,0.87442,0,0,0,1
1,0,0,0,0,0.96503,-0.26215,0.30433,0,0.26215,0.96503,0.88048,0,0,0,1
1,0,0,0,0,0.96572,-0.25959,0.29757,0,0.25959,0.96572,0.88665,0,0,0,1
1,0,0,0,0,0.97209,-0.23461,0.29298,0,0.23461,0.97209,0.89259,0,0,0,1
1,0,0,0,0,0.97831,-0.20716,0.28775,0,0.20716,0.97831,0.89891,0,0,0,1
1,0,0,0,0,0.98174,-0.19025,0.28305,0,0.19025,0.98174,0.90416,0,0,0,1
1,0,0,0,0,0.98304,-0.1834,0.27733,0,0.1834,0.98304,0.91018,0,0,0,1
1,0,0,0,0,0.98592,-0.16723,0.27271,0,0.16723,0.98592,0.91529,0,0,0,1
1,0,0,0,0,0.98763,-0.15679,0.2687,0,0.15679,0.98763,0.92022,0,0,0,1
1,0,0,0,0,0.98848,-0.15133,0.26423,0,0.15133,0.98848,0.92603,0,0,0,1
1,0,0,0,0,0.98868,-0.15003,0.26177,0,0.15003,0.98868,0.93051,0,0,0,1
1,0,0,0,0,0.98914,-0.14698,0.25813,0,0.14698,0.98914,0.93547,0,0,0,1
1,0,0,0,0,0.99072,-0.13591,0.25522,0,0.13591,0.99072,0.93993,0,0,0,1
1,0,0,0,0,0.99034,-0.13865,0.25177,0,0.13865,0.99034,0.9435,0,0,0,1
1,0,0,0,0,0.99037,-0.13846,0.24868,0,0.13846,0.99037,0.94921,0,0,0,1
1,0,0,0,0,0.99067,-0.13631,0.24708,0,0.13631,0.99067,0.95383,0,0,0,1
1,0,0,0,0,0.9906,-0.1368,0.24616,0,0.1368,0.9906,0.95773,0,0,0,1
1,0,0,0,0,0.9921,-0.12542,0.24442,0,0.12542,0.9921,0.96175,0,0,0,1
1,0,0,0,0,0.99356,-0.11331,0.24163,0,0.11331,0.99356,0.96707,0,0,0,1
1,0,0,0,0,0.9926,-0.12142,0.24273,0,0.12142,0.9926,0.97074,0,0,0,1
1,0,0,0,0,0.99215,-0.12507,0.23996,0,0.12507,0.99215,0.97265,0,0,0,1
1,0,0,0,0,0.99208,-0.12561,0.23808,0,0.12561,0.99208,0.97742,0,0,0,1
1,0,0,0,0,0.99307,-0.11754,0.23819,0,0.11754,0.99307,0.97956,0,0,0,1
1,0,0,0,0,0.99287,-0.11922,0.23806,0,0.11922,0.99287,0.98263,0,0,0,1
1,0,0,0,0,0.99251,-0.12219,0.23795,0,0.12219,0.99251,0.9851,0,0,0,1
1,0,0,0,0,0.99242,-0.12287,0.23655,0,0.12287,0.99242,0.98849,0,0,0,1
1,0,0,0,0,0.99268,-0.1208,0.23709,0,0.1208,0.99268,0.99004,0,0,0,1
1,0,0,0,0,0.99269,-0.12068,0.23765,0,0.12068,0.99269,0.99162,0,0,0,1
1,0,0,0,0,0.99063,-0.13656,0.23753,0,0.13656,0.99063,0.99474,0,0,0,1
1,0,0,0,0,0.98863,-0.15038,0.23857,0,0.15038,0.98863,0.99591,0,0,0,1
1,0,0,0,0,0.98963,-0.14366,0.23866,0,0.14366,0.98963,0.9981,0,0,0,1
1,0,0,0,0,0.99048,-0.13768,0.23944,0,0.13768,0.99048,0.99981,0,0,0,1
1,0,0,0,0,0.99029,-0.139,0.23946,0,0.139,0.99029,1.0013,0,0,0,1
1,0,0,0,0,0.99201,-0.12617,0.24113,0,0.12617,0.99201,1.0015,0,0,0,1
1,0,0,0,0,0.99188,-0.12714,0.24213,0,0.12714,0.99188,1.0027,0,0,0,1
1,0,0,0,0,0.99169,-0.12866,0.24177,0,0.12866,0.99169,1.0025,0,0,0,1
1,0,0,0,0,0.98987,-0.14197,0.2409,0,0.14197,0.98987,1.0033,0,0,0,1
1,0,0,0,0,0.98988,-0.14189,0.24138,0,0.14189,0.98988,1.0039,0,0,0,1
1,0,0,0,0,0.98956,-0.14409,0.24237,0,0.14409,0.98956,1.0028,0,0,0,1
1,0,0,0,0,0.98817,-0.15337,0.24152,0,0.15337,0.98817,1.003,0,0,0,1
1,0,0,0,0,0.98839,-0.15195,0.2417,0,0.15195,0.98839,1.0032,0,0,0,1
1,0,0,0,0,0.98891,-0.14853,0.24227,0,0.14853,0.98891,1.0027,0,0,0,1
1,0,0,0,0,0.98828,-0.15263,0.24285,0,0.15263,0.98828,1.0026,0,0,0,1
1,0,0,0,0,0.98726,-0.15909,0.2429,0,0.15909,0.98726,1.0017,0,0,0,1
1,0,0,0,0,0.98678,-0.16208,0.24346,0,0.16208,0.98678,1.0009,0,0,0,1
1,0,0,0,0,0.98638,-0.16448,0.24383,0,0.16448,0.98638,0.99991,0,0,0,1
1,0,0,0,0,0.98671,-0.16249,0.24405,0,0.16249,0.98671,0.99843,0,0,0,1
1,0,0,0,0,0.98541,-0.17022,0.24432,0,0.17022,0.98541,0.99635,0,0,0,1
1,0,0,0,0,0.9853,-0.17083,0.24383,0,0.17083,0.9853,0.99495,0,0,0,1
1,0,0,0,0,0.9871,-0.16011,0.24351,0,0.16011,0.9871,0.99239,0,0,0,1
1,0,0,0,0,0.98853,-0.15099,0.24339,0,0.15099,0.98853,0.9909,0,0,0,1
1,0,0,0,0,0.98955,-0.14422,0.24289,0,0.14422,0.98955,0.98839,0,0,0,1
1,0,0,0,0,0.98893,-0.14836,0.24344,0,0.14836,0.98893,0.98536,0,0,0,1
1,0,0,0,0,0.98748,-0.15773,0.24359,0,0.15773,0.98748,0.98298,0,0,0,1
1,0,0,0,0,0.98722,-0.15934,0.24446,0,0.15934,0.98722,0.98052,0,0,0,1
1,0,0,0,0,0.98623,-0.16541,0.24463,0,0.16541,0.98623,0.97714,0,0,0,1
1,0,0,0,0,0.98645,-0.16408,0.24452,0,0.16408,0.98645,0.9742,0,0,0,1
1,0,0,0,0,0.98645,-0.16408,0.2453,0,0.16408,0.98645,0.97154,0,0,0,1
1,0,0,0,0,0.9865,-0.16374,0.24536,0,0.16374,0.9865,0.96886,0,0,0,1
1,0,0,0,0,0.98659,-0.16323,0.2461,0,0.16323,0.98659,0.96578,0,0,0,1
1,0,0,0,0,0.98185,-0.18967,0.24603,0,0.18967,0.98185,0.96068,0,0,0,1
1,0,0,0,0,0.97681,-0.21409,0.2468,0,0.21409,0.97681,0.95769,0,0,0,1
1,0,0,0,0,0.9733,-0.22953,0.24597,0,0.22953,0.9733,0.95419,0,0,0,1
1,0,0,0,0,0.96824,-0.25001,0.24716,0,0.25001,0.96824,0.95225,0,0,0,1
1,0,0,0,0,0.97134,-0.23769,0.24839,0,0.23769,0.97134,0.94866,0,0,0,1
1,0,0,0,0,0.97101,-0.23903,0.2482,0,0.23903,0.97101,0.94596,0,0,0,1
1,0,0,0,0,0.96944,-0.24531,0.25042,0,0.24531,0.96944,0.94351,0,0,0,1
1,0,0,0,0,0.96715,-0.25419,0.25124,0,0.25419,0.96715,0.94093,0,0,0,1
1,0,0,0,0,0.96406,-0.26569,0.25351,0,0.26569,0.96406,0.9383,0,0,0,1
1,0,0,0,0,0.9605,-0.27829,0.25606,0,0.27829,0.9605,0.93609,0,0,0,1
1,0,0,0,0,0.96115,-0.27604,0.25677,0,0.27604,0.96115,0.93285,0,0,0,1
1,0,0,0,0,0.96027,-0.27906,0.25556,0,0.27906,0.96027,0.93049,0,0,0,1
1,0,0,0,0,0.96036,-0.27875,0.2589,0,0.27875,0.96036,0.92661,0,0,0,1
1,0,0,0,0,0.95671,-0.29106,0.26014,0,0.29106,0.95671,0.92402,0,0,0,1
1,0,0,0,0,0.99964,-0.027008,0,0,0.027008,0.99964,0.06793,0,0,0,1
1,0,0,0,0,0.99969,-0.024765,0.00019315,0,0.024765,0.99969,0.067536,0,0,0,1
1,0,0,0,0,0.99964,-0.026846,0.00020255,0,0.026846,0.99964,0.067848,0,0,0,1
1,0,0,0,0,0.99972,-0.023865,0.00025935,0,0.023865,0.99972,0.067673,0,0,0,1
1,0,0,0,0,0.99972,-0.023865,0.00025935,0,0.023865,0.99972,0.067673,0,0,0,1
1,0,0,0,0,0.99959,-0.028756,0.00032231,0,0.028756,0.99959,0.067842,0,0,0,1
1,0,0,0,0,0.99961,-0.027769,0.00028038,0,0.027769,0.99961,0.067989,0,0,0,1
1,0,0,0,0,0.99967,-0.025658,0.0004229,0,0.025658,0.99967,0.067945,0,0,0,1
1,0,0,0,0,0.99969,-0.024891,0.00051589,0,0.024891,0.99969,0.067526,0,0,0,1
1,0,0,0,0,0.99973,-0.023354,0.0009564,0,0.023354,0.99973,0.067598,0,0,0,1
1,0,0,0,0,0.99975,-0.022363,0.00089752,0,0.022363,0.99975,0.067745,0,0,0,1
1,0,0,0,0,0.99973,-0.023213,0.00079939,0,0.023213,0.99973,0.06787,0,0,0,1
1,0,0,0,0,0.99977,-0.021663,0.0010791,0,0.021663,0.99977,0.068579,0,0,0,1
1,0,0,0,0,0.99986,-0.016828,0.00086699,0,0.016828,0.99986,0.069294,0,0,0,1
1,0,0,0,0,0.99973,-0.023295,0.00046138,0,0.023295,0.99973,0.070818,0,0,0,1
1,0,0,0,0,0.99986,-0.016774,0.00057477,0,0.016774,0.99986,0.072225,0,0,0,1
1,0,0,0,0,0.9999,-0.014181,0.00010197,0,0.014181,0.9999,0.073995,0,0,0,1
1,0,0,0,0,0.9998,-0.019791,0.00056387,0,0.019791,0.9998,0.076848,0,0,0,1
1,0,0,0,0,0.99984,-0.017815,0.0003567,0,0.017815,0.99984,0.079367,0,0,0,1
1,0,0,0,0,0.99984,-0.017832,0.00040243,0,0.017832,0.99984,0.082953,0,0,0,1
1,0,0,0,0,0.99996,-0.0093168,-0.00031135,0,0.0093168,0.99996,0.086361,0,0,0,1
1,0,0,0,0,0.99987,-0.015824,0.0001595,0,0.015824,0.99987,0.090782,0,0,0,1
1,0,0,0,0,0.99996,-0.0088299,-0.00026744,0,0.0088299,0.99996,0.095113,0,0,0,1
1,0,0,0,0,0.99997,-0.0083557,-0.00045952,0,0.0083557,0.99997,0.10028,0,0,0,1
1,0,0,0,0,0.99999,-0.0052575,-0.00044912,0,0.0052575,0.99999,0.10621,0,0,0,1
1,0,0,0,0,0.99996,-0.0086301,-0.0013283,0,0.0086301,0.99996,0.11224,0,0,0,1
1,0,0,0,0,1,-0.0031511,-0.0012669,0,0.0031511,1,0.12021,0,0,0,1
1,0,0,0,0,1,-0.001827,-0.0019105,0,0.001827,1,0.12738,0,0,0,1
1,0,0,0,0,0.99999,0.0034832,-0.0025416,0,-0.0034832,0.99999,0.13514,0,0,0,1
1,0,0,0,0,0.99996,0.0084405,-0.0034228,0,-0.0084405,0.99996,0.14426,0,0,0,1
1,0,0,0,0,0.99999,0.0033806,-0.0041364,0,-0.0033806,0.99999,0.15389,0,0,0,1
1,0,0,0,0,0.99995,0.0098035,-0.0044409,0,-0.0098035,0.99995,0.1642,0,0,0,1
1,0,0,0,0,0.99991,0.013583,-0.0056542,0,-0.013583,0.99991,0.17583,0,0,0,1
1,0,0,0,0,0.99987,0.015914,-0.0070169,0,-0.015914,0.99987,0.18769,0,0,0,1
1,0,0,0,0,0.99987,0.016048,-0.0082941,0,-0.016048,0.99987,0.20048,0,0,0,1
1,0,0,0,0,0.9998,0.01977,-0.0096316,0,-0.01977,0.9998,0.21421,0,0,0,1
1,0,0,0,0,0.99981,0.019509,-0.010103,0,-0.019509,0.99981,0.22835,0,0,0,1
1,0,0,0,0,0.99975,0.02215,-0.011639,0,-0.02215,0.99975,0.24348,0,0,0,1
1,0,0,0,0,0.99973,0.023339,-0.012281,0,-0.023339,0.99973,0.25872,0,0,0,1
1,0,0,0,0,0.99976,0.021935,-0.013945,0,-0.021935,0.99976,0.27473,0,0,0,1
1,0,0,0,0,0.99976,0.021854,-0.014556,0,-0.021854,0.99976,0.29082,0,0,0,1
1,0,0,0,0,0.99979,0.020467,-0.016351,0,-0.020467,0.99979,0.30831,0,0,0,1
1,0,0,0,0,0.99985,0.017125,-0.017642,0,-0.017125,0.99985,0.32522,0,0,0,1
1,0,0,0,0,0.99982,0.01921,-0.019161,0,-0.01921,0.99982,0.34259,0,0,0,1
1,0,0,0,0,0.99981,0.019261,-0.01958,0,-0.019261,0.99981,0.36052,0,0,0,1
1,0,0,0,0,0.99977,0.021366,-0.020902,0,-0.021366,0.99977,0.37799,0,0,0,1
1,0,0,0,0,0.99979,0.020342,-0.022372,0,-0.020342,0.99979,0.39597,0,0,0,1
1,0,0,0,0,0.99985,0.017193,-0.02319,0,-0.017193,0.99985,0.41378,0,0,0,1
1,0,0,0,0,0.99991,0.013574,-0.024398,0,-0.013574,0.99991,0.4323,0,0,0,1
1,0,0,0,0,0.99993,0.01158,-0.025452,0,-0.01158,0.99993,0.45109,0,0,0,1
1,0,0,0,0,0.99994,0.011223,-0.026298,0,-0.011223,0.99994,0.46975,0,0,0,1
1,0,0,0,0,0.99995,0.0097015,-0.02712,0,-0.0097015,0.99995,0.48834,0,0,0,1
1,0,0,0,0,0.99998,0.0064434,-0.027845,0,-0.0064434,0.99998,0.50727,0,0,0,1
1,0,0,0,0,0.99998,0.0062977,-0.029331,0,-0.0062977,0.99998,0.52633,0,0,0,1
1,0,0,0,0,1,0.0014942,-0.029587,0,-0.0014942,1,0.54478,0,0,0,1
1,0,0,0,0,1,0.00096533,-0.030793,0,-0.00096533,1,0.56279,0,0,0,1
1,0,0,0,0,1,-0.00055314,-0.031676,0,0.00055314,1,0.5805,0,0,0,1
1,0,0,0,0,0.99993,-0.01192,-0.032404,0,0.01192,0.99993,0.59974,0,0,0,1
1,0,0,0,0,0.99993,-0.011829,-0.032857,0,0.011829,0.99993,0.61776,0,0,0,1
1,0,0,0,0,0.99994,-0.010767,-0.033912,0,0.010767,0.99994,0.63602,0,0,0,1
1,0,0,0,0,0.99989,-0.014568,-0.03446,0,0.014568,0.99989,0.65371,0,0,0,1
1,0,0,0,0,0.99981,-0.019687,-0.036126,0,0.019687,0.99981,0.67111,0,0,0,1
1,0,0,0,0,0.99969,-0.02502,-0.036279,0,0.02502,0.99969,0.68838,0,0,0,1
1,0,0,0,0,0.99957,-0.029194,-0.037123,0,0.029194,0.99957,0.70537,0,0,0,1
1,0,0,0,0,0.99958,-0.028984,-0.038065,0,0.028984,0.99958,0.72246,0,0,0,1
1,0,0,0,0,0.99947,-0.032441,-0.03888,0,0.032441,0.99947,0.73976,0,0,0,1
1,0,0,0,0,0.99943,-0.033699,-0.039841,0,0.033699,0.99943,0.75625,0,0,0,1
1,0,0,0,0,0.99936,-0.035753,-0.040258,0,0.035753,0.99936,0.77341,0,0,0,1
1,0,0,0,0,0.99929,-0.037807,-0.040958,0,0.037807,0.99929,0.7904,0,0,0,1
1,0,0,0,0,0.99919,-0.040221,-0.041737,0,0.040221,0.99919,0.80567,0,0,0,1
1,0,0,0,0,0.99873,-0.050376,-0.042605,0,0.050376,0.99873,0.82143,0,0,0,1
1,0,0,0,0,0.99863,-0.052364,-0.042428,0,0.052364,0.99863,0.83782,0,0,0,1
1,0,0,0,0,0.99873,-0.050295,-0.043133,0,0.050295,0.99873,0.85311,0,0,0,1
1,0,0,0,0,0.99839,-0.056652,-0.043813,0,0.056652,0.99839,0.86766,0,0,0,1
1,0,0,0,0,0.99804,-0.062502,-0.044179,0,0.062502,0.99804,0.88287,0,0,0,1
1,0,0,0,0,0.99805,-0.062366,-0.045014,0,0.062366,0.99805,0.89722,0,0,0,1
1,0,0,0,0,0.99779,-0.066401,-0.045289,0,0.066401,0.99779,0.91128,0,0,0,1
1,0,0,0,0,0.99728,-0.073751,-0.045889,0,0.073751,0.99728,0.92461,0,0,0,1
1,0,0,0,0,0.99718,-0.075012,-0.045896,0,0.075012,0.99718,0.9387,0,0,0,1
1,0,0,0,0,0.99744,-0.071558,-0.045696,0,0.071558,0.99744,0.95246,0,0,0,1
1,0,0,0,0,0.99698,-0.077722,-0.046048,0,0.077722,0.99698,0.96555,0,0,0,1
1,0,0,0,0,0.99655,-0.083053,-0.046255,0,0.083053,0.99655,0.97873,0,0,0,1
1,0,0,0,0,0.99669,-0.08126,-0.047364,0,0.08126,0.99669,0.99102,0,0,0,1
1,0,0,0,0,0.99651,-0.083514,-0.047417,0,0.083514,0.99651,1.0024,0,0,0,1
1,0,0,0,0,0.99627,-0.086258,-0.048859,0,0.086258,0.99627,1.015,0,0,0,1
1,0,0,0,0,0.99615,-0.087693,-0.049161,0,0.087693,0.99615,1.0266,0,0,0,1
1,0,0,0,0,0.99629,-0.086086,-0.04978,0,0.086086,0.99629,1.0379,0,0,0,1
1,0,0,0,0,0.99578,-0.091819,-0.050493,0,0.091819,0.99578,1.0484,0,0,0,1
1,0,0,0,0,0.99612,-0.088025,-0.050937,0,0.088025,0.99612,1.0591,0,0,0,1
1,0,0,0,0,0.99636,-0.085303,-0.051268,0,0.085303,0.99636,1.0695,0,0,0,1
1,0,0,0,0,0.9959,-0.090437,-0.05199,0,0.090437,0.9959,1.0795,0,0,0,1
1,0,0,0,0,0.99634,-0.085446,-0.051906,0,0.085446,0.99634,1.0891,0,0,0,1
1,0,0,0,0,0.99602,-0.08917,-0.051878,0,0.08917,0.99602,1.098,0,0,0,1
1,0,0,0,0,0.99539,-0.095883,-0.053179,0,0.095883,0.99539,1.107,0,0,0,1
1,0,0,0,0,0.99544,-0.095397,-0.053345,0,0.095397,0.99544,1.1152,0,0,0,1
1,0,0,0,0,0.99611,-0.0881,-0.055053,0,0.0881,0.99611,1.1238,0,0,0,1
1,0,0,0,0,0.99581,-0.091479,-0.055728,0,0.091479,0.99581,1.1324,0,0,0,1
1,0,0,0,0,0.99576,-0.092021,-0.056927,0,0.092021,0.99576,1.1392,0,0,0,1
1,0,0,0,0,0.99578,-0.091771,-0.057595,0,0.091771,0.99578,1.1471,0,0,0,1
1,0,0,0,0,0.99627,-0.086242,-0.057655,0,0.086242,0.99627,1.153,0,0,0,1
1,0,0,0,0,0.99641,-0.084655,-0.059163,0,0.084655,0.99641,1.1598,0,0,0,1
1,0,0,0,0,0.9957,-0.092605,-0.06066,0,0.092605,0.9957,1.1672,0,0,0,1
1,0,0,0,0,0.99591,-0.090301,-0.062107,0,0.090301,0.99591,1.1736,0,0,0,1
1,0,0,0,0,0.99591,-0.090308,-0.062931,0,0.090308,0.99591,1.1803,0,0,0,1
1,0,0,0,0,0.99606,-0.088659,-0.063607,0,0.088659,0.99606,1.1858,0,0,0,1
1,0,0,0,0,0.99604,-0.088856,-0.065296,0,0.088856,0.99604,1.1914,0,0,0,1
1,0,0,0,0,0.99557,-0.094029,-0.066591,0,0.094029,0.99557,1.197,0,0,0,1
1,0,0,0,0,0.99569,-0.092719,-0.06867,0,0.092719,0.99569,1.2028,0,0,0,1
1,0,0,0,0,0.9957,-0.092587,-0.069297,0,0.092587,0.9957,1.207,0,0,0,1
1,0,0,0,0,0.99593,-0.090159,-0.069996,0,0.090159,0.99593,1.212,0,0,0,1
1,0,0,0,0,0.99632,-0.085693,-0.071618,0,0.085693,0.99632,1.215,0,0,0,1
1,0,0,0,0,0.99635,-0.085328,-0.072959,0,0.085328,0.99635,1.2208,0,0,0,1
1,0,0,0,0,0.99609,-0.088355,-0.074281,0,0.088355,0.99609,1.2244,0,0,0,1
1,0,0,0,0,0.9962,-0.087101,-0.075168,0,0.087101,0.9962,1.2287,0,0,0,1
1,0,0,0,0,0.99636,-0.085198,-0.075227,0,0.085198,0.99636,1.2325,0,0,0,1
1,0,0,0,0,0.99576,-0.091961,-0.076579,0,0.091961,0.99576,1.2358,0,0,0,1
1,0,0,0,0,0.99585,-0.090972,-0.077592,0,0.090972,0.99585,1.2394,0,0,0,1
1,0,0,0,0,0.99539,-0.095927,-0.078976,0,0.095927,0.99539,1.2426,0,0,0,1
1,0,0,0,0,0.99628,-0.086148,-0.079882,0,0.086148,0.99628,1.2455,0,0,0,1
1,0,0,0,0,0.99571,-0.092511,-0.080335,0,0.092511,0.99571,1.2487,0,0,0,1
1,0,0,0,0,0.99593,-0.090089,-0.080894,0,0.090089,0.99593,1.2514,0,0,0,1
1,0,0,0,0,0.99575,-0.092101,-0.081406,0,0.092101,0.99575,1.2546,0,0,0,1
1,0,0,0,0,0.99575,-0.092105,-0.082535,0,0.092105,0.99575,1.2557,0,0,0,1
1,0,0,0,0,0.99599,-0.089501,-0.08379,0,0.089501,0.99599,1.2562,0,0,0,1
1,0,0,0,0,0.99607,-0.088621,-0.084615,0,0.088621,0.99607,1.2593,0,0,0,1
1,0,0,0,0,0.99597,-0.089727,-0.085788,0,0.089727,0.99597,1.2605,0,0,0,1
1,0,0,0,0,0.99556,-0.094118,-0.086124,0,0.094118,0.99556,1.2623,0,0,0,1
1,0,0,0,0,0.99518,-0.098098,-0.086718,0,0.098098,0.99518,1.2638,0,0,0,1
1,0,0,0,0,0.9956,-0.093742,-0.087548,0,0.093742,0.9956,1.2648,0,0,0,1
1,0,0,0,0,0.99584,-0.091097,-0.088185,0,0.091097,0.99584,1.2654,0,0,0,1
1,0,0,0,0,0.99575,-0.092139,-0.088903,0,0.092139,0.99575,1.2655,0,0,0,1
1,0,0,0,0,0.99567,-0.092962,-0.089852,0,0.092962,0.99567,1.2662,0,0,0,1
1,0,0,0,0,0.99588,-0.09072,-0.090623,0,0.09072,0.99588,1.2659,0,0,0,1
1,0,0,0,0,0.99553,-0.094426,-0.090781,0,0.094426,0.99553,1.2655,0,0,0,1
1,0,0,0,0,0.99538,-0.096034,-0.091882,0,0.096034,0.99538,1.2657,0,0,0,1
1,0,0,0,0,0.99522,-0.097632,-0.092203,0,0.097632,0.99522,1.2651,0,0,0,1
1,0,0,0,0,0.99474,-0.10241,-0.092598,0,0.10241,0.99474,1.2642,0,0,0,1
1,0,0,0,0,0.99398,-0.10959,-0.09269,0,0.10959,0.99398,1.2631,0,0,0,1
1,0,0,0,0,0.99416,-0.10794,-0.093189,0,0.10794,0.99416,1.2624,0,0,0,1
1,0,0,0,0,0.9949,-0.10086,-0.093336,0,0.10086,0.9949,1.2606,0,0,0,1
1,0,0,0,0,0.99509,-0.098926,-0.094171,0,0.098926,0.99509,1.2586,0,0,0,1
1,0,0,0,0,0.99442,-0.10545,-0.094649,0,0.10545,0.99442,1.2575,0,0,0,1
1,0,0,0,0,0.99478,-0.102,-0.095607,0,0.102,0.99478,1.2555,0,0,0,1
1,0,0,0,0,0.99447,-0.10504,-0.096668,0,0.10504,0.99447,1.2524,0,0,0,1
1,0,0,0,0,0.9938,-0.11118,-0.096788,0,0.11118,0.9938,1.2517,0,0,0,1
1,0,0,0,0,0.99441,-0.1056,-0.097015,0,0.1056,0.99441,1.2477,0,0,0,1
1,0,0,0,0,0.99376,-0.11152,-0.097632,0,0.11152,0.99376,1.2465,0,0,0,1
1,0,0,0,0,0.99381,-0.11112,-0.098477,0,0.11112,0.99381,1.2432,0,0,0,1
1,0,0,0,0,0.99366,-0.11245,-0.098635,0,0.11245,0.99366,1.2394,0,0,0,1
1,0,0,0,0,0.9937,-0.11211,-0.099807,0,0.11211,0.9937,1.2376,0,0,0,1
1,0,0,0,0,0.99387,-0.11053,-0.099911,0,0.11053,0.99387,1.2336,0,0,0,1
1,0,0,0,0,0.99405,-0.10896,-0.09993,0,0.10896,0.99405,1.2309,0,0,0,1
1,0,0,0,0,0.99363,-0.11265,-0.10136,0,0.11265,0.99363,1.2268,0,0,0,1
1,0,0,0,0,0.99333,-0.11534,-0.10211,0,0.11534,0.99333,1.2235,0,0,0,1
1,0,0,0,0,0.99375,-0.11159,-0.10272,0,0.11159,0.99375,1.2205,0,0,0,1
1,0,0,0,0,0.99325,-0.11598,-0.10266,0,0.11598,0.99325,1.2169,0,0,0,1
1,0,0,0,0,0.99311,-0.11721,-0.10266,0,0.11721,0.99311,1.2137,0,0,0,1
1,0,0,0,0,0.99359,-0.11306,-0.10292,0,0.11306,0.99359,1.21,0,0,0,1
1,0,0,0,0,0.99359,-0.11301,-0.10367,0,0.11301,0.99359,1.2068,0,0,0,1
1,0,0,0,0,0.99352,-0.11368,-0.10347,0,0.11368,0.99352,1.2044,0,0,0,1
1,0,0,0,0,0.993,-0.1181,-0.10463,0,0.1181,0.993,1.2,0,0,0,1
1,0,0,0,0,0.99392,-0.1101,-0.10448,0,0.1101,0.99392,1.1977,0,0,0,1
1,0,0,0,0,0.99347,-0.11408,-0.10467,0,0.11408,0.99347,1.1941,0,0,0,1
1,0,0,0,0,0.99403,-0.10914,-0.10518,0,0.10914,0.99403,1.1916,0,0,0,1
1,0,0,0,0,0.99412,-0.10826,-0.10535,0,0.10826,0.99412,1.1877,0,0,0,1
1,0,0,0,0,0.99414,-0.10806,-0.10545,0,0.10806,0.99414,1.186,0,0,0,1
1,0,0,0,0,0.99363,-0.11272,-0.10586,0,0.11272,0.99363,1.1846,0,0,0,1
1,0,0,0,0,0.99416,-0.10788,-0.10561,0,0.10788,0.99416,1.1811,0,0,0,1
1,0,0,0,0,0.99409,-0.10858,-0.10559,0,0.10858,0.99409,1.1795,0,0,0,1
1,0,0,0,0,-0.82241,0.5689,-0.42041,0,-0.5689,-0.82241,0.29636,0,0,0,1
1,0,0,0,0,-0.82508,0.56502,-0.41906,0,-0.56502,-0.82508,0.29597,0,0,0,1
1,0,0,0,0,-0.82461,0.56569,-0.41921,0,-0.56569,-0.82461,0.29605,0,0,0,1
1,0,0,0,0,-0.82674,0.56259,-0.41929,0,-0.56259,-0.82674,0.2958,0,0,0,1
1,0,0,0,0,-0.8243,0.56615,-0.41984,0,-0.56615,-0.8243,0.29585,0,0,0,1
1,0,0,0,0,-0.82545,0.56448,-0.41969,0,-0.56448,-0.82545,0.29598,0,0,0,1
1,0,0,0,0,-0.82806,0.56065,-0.41916,0,-0.56065,-0.82806,0.29601,0,0,0,1
1,0,0,0,0,-0.82738,0.56164,-0.41942,0,-0.56164,-0.82738,0.29616,0,0,0,1
1,0,0,0,0,-0.8263,0.56324,-0.42048,0,-0.56324,-0.8263,0.29636,0,0,0,1
1,0,0,0,0,-0.82617,0.56342,-0.42137,0,-0.56342,-0.82617,0.29547,0,0,0,1
1,0,0,0,0,-0.82293,0.56815,-0.4224,0,-0.56815,-0.82293,0.29554,0,0,0,1
1,0,0,0,0,-0.82087,0.57112,-0.42431,0,-0.57112,-0.82087,0.29558,0,0,0,1
1,0,0,0,0,-0.8194,0.57322,-0.4257,0,-0.57322,-0.8194,0.29562,0,0,0,1
1,0,0,0,0,-0.81021,0.58614,-0.42839,0,-0.58614,-0.81021,0.29652,0,0,0,1
1,0,0,0,0,-0.8069,0.59069,-0.42972,0,-0.59069,-0.8069,0.29607,0,0,0,1
1,0,0,0,0,-0.80237,0.59682,-0.43284,0,-0.59682,-0.80237,0.29634,0,0,0,1
1,0,0,0,0,-0.79688,0.60414,-0.43635,0,-0.60414,-0.79688,0.29647,0,0,0,1
1,0,0,0,0,-0.78662,0.61744,-0.43893,0,-0.61744,-0.78662,0.29736,0,0,0,1
1,0,0,0,0,-0.77507,0.63188,-0.44253,0,-0.63188,-0.77507,0.29792,0,0,0,1
1,0,0,0,0,-0.76872,0.63959,-0.44655,0,-0.63959,-0.76872,0.2991,0,0,0,1
1,0,0,0,0,-0.75316,0.65784,-0.45182,0,-0.65784,-0.75316,0.29974,0,0,0,1
1,0,0,0,0,-0.73451,0.6786,-0.45592,0,-0.6786,-0.73451,0.30118,0,0,0,1
1,0,0,0,0,-0.72973,0.68373,-0.46136,0,-0.68373,-0.72973,0.3012,0,0,0,1
1,0,0,0,0,-0.70487,0.70934,-0.46711,0,-0.70934,-0.70487,0.30175,0,0,0,1
1,0,0,0,0,-0.68421,0.72928,-0.47311,0,-0.72928,-0.68421,0.3027,0,0,0,1
1,0,0,0,0,-0.66075,0.7506,-0.47864,0,-0.7506,-0.66075,0.30427,0,0,0,1
1,0,0,0,0,-0.63756,0.7704,-0.48534,0,-0.7704,-0.63756,0.30444,0,0,0,1
1,0,0,0,0,-0.60734,0.79444,-0.49127,0,-0.79444,-0.60734,0.30562,0,0,0,1
1,0,0,0,0,-0.57527,0.81797,-0.49768,0,-0.81797,-0.57527,0.30704,0,0,0,1
1,0,0,0,0,-0.55218,0.83373,-0.50479,0,-0.83373,-0.55218,0.30731,0,0,0,1
1,0,0,0,0,-0.51689,0.85605,-0.51137,0,-0.85605,-0.51689,0.30932,0,0,0,1
1,0,0,0,0,-0.4791,0.87776,-0.5175,0,-0.87776,-0.4791,0.31072,0,0,0,1
1,0,0,0,0,-0.44718,0.89444,-0.52316,0,-0.89444,-0.44718,0.3136,0,0,0,1
1,0,0,0,0,-0.40113,0.91602,-0.52917,0,-0.91602,-0.40113,0.31559,0,0,0,1
1,0,0,0,0,-0.37079,0.92872,-0.53454,0,-0.92872,-0.37079,0.31813,0,0,0,1
1,0,0,0,0,-0.3361,0.94183,-0.53979,0,-0.94183,-0.3361,0.32211,0,0,0,1
1,0,0,0,0,-0.2942,0.95574,-0.54402,0,-0.95574,-0.2942,0.32609,0,0,0,1
1,0,0,0,0,-0.2544,0.9671,-0.54888,0,-0.9671,-0.2544,0.33034,0,0,0,1
1,0,0,0,0,-0.22327,0.97476,-0.55247,0,-0.97476,-0.22327,0.33537,0,0,0,1
1,0,0,0,0,-0.17468,0.98463,-0.5559,0,-0.98463,-0.17468,0.34147,0,0,0,1
1,0,0,0,0,-0.14413,0.98956,-0.55928,0,-0.98956,-0.14413,0.34794,0,0,0,1
1,0,0,0,0,-0.11139,0.99378,-0.56149,0,-0.99378,-0.11139,0.35474,0,0,0,1
1,0,0,0,0,-0.074344,0.99723,-0.56442,0,-0.99723,-0.074344,0.36285,0,0,0,1
1,0,0,0,0,-0.040853,0.99917,-0.56527,0,-0.99917,-0.040853,0.37009,0,0,0,1
1,0,0,0,0,-0.014917,0.99989,-0.56723,0,-0.99989,-0.014917,0.3785,0,0,0,1
1,0,0,0,0,0.021723,0.99976,-0.56883,0,-0.99976,0.021723,0.38664,0,0,0,1
1,0,0,0,0,0.051312,0.99868,-0.56936,0,-0.99868,0.051312,0.39554,0,0,0,1
1,0,0,0,0,0.087038,0.9962,-0.57002,0,-0.9962,0.087038,0.4044,0,0,0,1
1,0,0,0,0,0.12154,0.99259,-0.57012,0,-0.99259,0.12154,0.41383,0,0,0,1
1,0,0,0,0,0.14536,0.98938,-0.57073,0,-0.98938,0.14536,0.42369,0,0,0,1
1,0,0,0,0,0.17637,0.98432,-0.57013,0,-0.98432,0.17637,0.43342,0,0,0,1
1,0,0,0,0,0.21081,0.97753,-0.57064,0,-0.97753,0.21081,0.4429,0,0,0,1
1,0,0,0,0,0.236,0.97175,-0.5699,0,-0.97175,0.236,0.45264,0,0,0,1
1,0,0,0,0,0.26805,0.96341,-0.56923,0,-0.96341,0.26805,0.46255,0,0,0,1
1,0,0,0,0,0.28998,0.95703,-0.56825,0,-0.95703,0.28998,0.47351,0,0,0,1
1,0,0,0,0,0.31962,0.94754,-0.56732,0,-0.94754,0.31962,0.48304,0,0,0,1
1,0,0,0,0,0.35052,0.93656,-0.56594,0,-0.93656,0.35052,0.49311,0,0,0,1
1,0,0,0,0,0.37568,0.92675,-0.56432,0,-0.92675,0.37568,0.50323,0,0,0,1
1,0,0,0,0,0.39562,0.91841,-0.56306,0,-0.91841,0.39562,0.51327,0,0,0,1
1,0,0,0,0,0.42492,0.90523,-0.56135,0,-0.90523,0.42492,0.52386,0,0,0,1
1,0,0,0,0,0.44175,0.89714,-0.55961,0,-0.89714,0.44175,0.53371,0,0,0,1
1,0,0,0,0,0.46945,0.88296,-0.55757,0,-0.88296,0.46945,0.54456,0,0,0,1
1,0,0,0,0,0.48813,0.87277,-0.55547,0,-0.87277,0.48813,0.55438,0,0,0,1
1,0,0,0,0,0.5101,0.86011,-0.55282,0,-0.86011,0.5101,0.56484,0,0,0,1
1,0,0,0,0,0.53653,0.84388,-0.55048,0,-0.84388,0.53653,0.57431,0,0,0,1
